#Elem Ion   Wave   a1(dT)         a1goodness      a2(dT^2)       a2goodness     b1(dlogg)        b1goodness       b2(dlogg^2)    b2goodness      c1(dFe_H)      c1goodness	 c2(dFe_H^2)    c2goodness       d1(mixed)           d1goodness	          off            offgoodness   EW_std
Al    1     6697.8 0.074343840069 0.003480315097 -0.000004413566 0.000000300320 -123.156677311835 4.391799779155 14.946040150813 0.520692952260 29.035979766219 3.467319764897 -18.151907365055 0.563172462558 -367822.483099959150 19815.771120319274 -29.786120702279 11.790694256149 0.668559580859
Al    1     6700.5 0.070138502363 0.002457909678 -0.000004856250 0.000000212095 -77.498472858343 3.101632583099 9.396379181575 0.367730380363 39.422764912266 2.448732581419 -13.702287235229 0.397730498211 -342954.500237423053 13994.534024169419 -84.415834451677 8.326969535883 0.472158350653
Al    1     7837.4 0.063418350927 0.004644360011 -0.000003867573 0.000000400766 -155.592144218190 5.860709956478 18.590157058900 0.694847335542 17.418737787033 4.627020725496 -24.653715714649 0.751534423366 -305088.561805343663 26443.475245319900 87.003005591675 15.734282716439 0.892169865446
Al    1     7838.2 0.040311852800 0.005178864208 -0.000001686911 0.000000446889 -190.986574387420 6.535194265838 22.781389098746 0.774814382808 -9.189960771997 5.159518806578 -25.760998369106 0.838025220317 -184763.516581888864 29486.706938216659 222.093148865342 17.545058380130 0.994845986359
#Ba    2     5855.3 -0.099005351526 0.006208716577 0.000008331138 0.000000535756 166.498097153434 7.834759728954 -18.880780360380 0.928891204154 51.177109111738 6.185533031879 18.210946288815 1.004672586009 -369241.241098738217 35350.390659369208 -74.591317878500 21.034038592633 1.192678333365
#Ba    2     6498.6 -0.062512405548 0.006477708515 0.000005228346 0.000000558968 250.763782864113 8.174205959054 -29.104787816565 0.969136046457 65.820379695278 6.453520575968 20.878892197332 1.048200169019 -497810.067339602741 36881.941888946225 -354.237724752144 21.945346440277 1.244351142421
#C     1     6589.4 0.001784638145 0.002520763278 -0.000001079593 0.000000217519 -17.038014446228 3.180952137482 2.540973235759 0.377134533648 -99.743866682727 2.511353733653 -6.418567675449 0.407901737630 511334.359881513636 14352.415393622503 51.261135282254 8.539907062916 0.484232969030
Ca    1     5859.0 0.169502936463 0.007504689563 -0.000011837808 0.000000648423 20.882772202170 9.310448172104 -3.561709445224 1.103040351618 -16.609555620003 7.553047329250 -9.906292157587 1.190434379450 -150577.020979953581 43157.096588156826 -607.362162738049 25.224770594860 1.381440781361
Ca    1     6495.5 0.191262335657 0.008459023641 -0.000014335061 0.000000729938 67.538415132246 10.674423602454 -8.943229785227 1.265562539174 24.238067941358 8.427426266652 -5.328077456975 1.368807232934 -295210.943156342313 48162.834770515277 -749.934118500959 28.657675413287 1.624955714720
Ca    1     6501.4 0.060300737295 0.004201308238 -0.000003597401 0.000000362535 22.358552636168 5.301626292186 -2.883740877817 0.628562223622 -26.003672698427 4.185629755198 -2.367960401232 0.679841952895 16583.016937590215 23920.917680213111 -270.594835987917 14.233278588002 0.807061522415
#Ca    1     6574.6 0.293516220469 0.002383522201 -0.000023314244 0.000000205677 -2.688376257391 3.007700182547 0.040399376102 0.356592955146 84.562130566655 2.374590880891 -7.695166476335 0.385684143104 -597542.364072502474 13570.822855431119 -907.098767277671 8.074651520064 0.457862999643
#Co    1     4794.1 0.030094680970 0.003597164376 -0.000001394610 0.000000310403 -67.251982012056 4.539253670011 8.331584874716 0.538175119724 -7.024868176687 3.583732886376 -12.221456044033 0.582080703931 -100409.793138281588 20481.073396831966 8.255006004228 12.186561042954 0.691006169537
Co    1     4814.8 0.004187092980 0.003781446519 0.000001338844 0.000000326305 -73.822604142741 4.771788805464 9.034143601115 0.565744564759 11.523213380014 3.767322313399 -11.953401749659 0.611899411809 -224849.338125639653 21530.289222262138 81.420153872579 12.810881989084 0.726404784898
#Cr    1     4732.0 0.041116347879 0.002511677777 -0.000002087557 0.000000216735 -47.233343262809 3.169478737568 5.518161829836 0.375774240144 9.410669503634 2.502299193992 -5.253211181190 0.406430857053 -250596.107845920284 14300.667950914141 -66.342737433008 8.509122560352 0.482486661880
#Cr    1     4769.1 0.065931806616 0.002166644744 -0.000004643413 0.000000186962 -32.293280295463 2.734081901600 3.848939922579 0.324153480194 54.526227555428 2.158553704568 -9.044568702834 0.350598738826 -417389.683929283405 12336.158603562113 -158.212212638181 7.340208157424 0.416206695952
#Cr    1     4776.4 0.014755026669 0.001427034968 -0.000000936747 0.000000123140 -18.119410040179 1.800772837666 2.138074147204 0.213500107349 34.541207232355 1.421706494686 -5.116068911303 0.230917848305 -239598.460063183476 8125.068414273840 -15.566553124178 4.834546657230 0.274129766869
Cr    1     4790.6 0.097568174918 0.002730020353 -0.000006921294 0.000000235576 29.730908488739 3.445003742619 -3.490539145068 0.408440561313 -23.470250229694 2.719826731062 5.674980800722 0.441762809641 -22163.148740587909 15543.839808403734 -396.152950789001 9.248837905460 0.524430016071
Cr    1     4802.3 0.042434358020 0.002055553534 -0.000002567300 0.000000177376 -8.337201945924 2.593894695428 1.009156579889 0.307532837040 -20.662450358130 2.047879858309 0.237465149401 0.332622550083 -23202.564921590107 11703.656111112105 -141.545345054251 6.963846747543 0.394865857114
Cr    2     4849.5 0.010922921055 0.004958723474 -0.000000695851 0.000000427893 26.798785256506 6.257409544322 -2.145790505494 0.741880127182 65.305725132482 4.940211102775 -0.400336171809 0.802403780626 -530496.160981071414 28233.361072299896 -117.704894764722 16.799300660484 0.952559196418
Cr    2     4885.9 -0.061208306545 0.004717792032 0.000005106517 0.000000407103 -23.279543170019 5.953365307991 3.574093101788 0.705832576252 -36.787336269374 4.700177228519 -6.893802176709 0.763416415364 74538.638712136701 26861.566170035345 216.087071447403 15.983038538629 0.906275607560
Cr    1     5782.7 0.116607664879 0.002973580593 -0.000008997449 0.000000256593 14.846135932286 3.752362541126 -1.534412130738 0.444881131651 79.502837615786 2.962479905780 -10.035001295863 0.481174939014 -604259.584052357939 16930.605082186623 -411.232974560523 10.073987240821 0.571217589292
#Cr    1     5784.6 0.077528369272 0.001413324300 -0.000005483511 0.000000121957 -9.336206888527 1.783466224013 0.942270494271 0.211448223801 49.695559014719 1.408046802432 -6.540106597573 0.228699108699 -413022.970135315845 8047.003358119331 -241.874721240795 4.788087332993 0.271495989140
#Cr    1     5785.4 0.077703940643 0.002497132266 -0.000005106508 0.000000215480 -22.554840698909 3.151122757818 2.567003519795 0.373597953155 50.945478767044 2.487807845233 -5.846281962669 0.404077128787 -453721.252697259246 14217.849923396936 -228.230342234070 8.459839891866 0.479692643700
Cr    1     5789.5 0.059181040374 0.001987476716 -0.000003783194 0.000000171501 -4.962887329969 2.507985249201 0.330603674935 0.297347409260 16.975107240301 1.980053821919 -1.750981763337 0.321606403647 -234070.380837778823 11316.029866192823 -200.579023971499 6.733198494476 0.381788752028
#Cr    1     6662.9 0.027845674960 0.001443522766 -0.000001736165 0.000000124563 -16.508074763304 1.821577626085 1.957654361398 0.215966725856 45.969665763243 1.438132607501 -9.479665890950 0.233585878656 -357218.604671354697 8218.943863844463 -68.312767389182 4.890401701522 0.277297045400
Cr    1     6723.7 -0.112551691546 0.003489040527 0.000010040975 0.000000301073 -106.176338019159 4.402810999825 13.025846308285 0.521998447450 -46.059918190940 3.476011789563 -14.146777187809 0.564584190581 97772.274824120526 19865.445512015445 530.008513837874 11.820251326044 0.670235173210
Fe    1     4734.9 0.051601279898 0.004430509637 -0.000002226089 0.000000382313 29.162282890942 5.590844934918 -3.375709555579 0.662852070249 38.426068667933 4.413963873900 -4.061566494113 0.716929158250 -375750.029053556849 25225.853543295296 -287.099631609532 15.009784948102 0.851089339042
Fe    1     4742.8 -0.025056910343 0.003172200036 0.000003381413 0.000000273732 25.844312763097 4.002989966488 -3.116364039975 0.474595563420 -24.780668586580 3.160354821183 4.654099369469 0.513314334987 40444.895511569819 18061.462949790352 -21.786588605252 10.746857691599 0.609371411630
Fe    1     4747.1 -0.019975766333 0.002930871233 0.000003030383 0.000000252908 14.067591602400 3.698458822403 -1.658718974895 0.438490264681 -8.645962069656 2.919926461182 3.992533191026 0.474263300010 -78068.118212387009 16687.412344746492 -15.962596739050 9.929280928701 0.563012681515
Fe    1     4780.7 0.047766047929 0.002835196790 -0.000002841379 0.000000244652 -25.617507431355 3.577726494840 3.178037295621 0.424176206528 19.085617976299 2.824609196725 -0.304537770477 0.458780760442 -227050.009607002372 16142.672838345470 -130.216100003945 9.605142341940 0.544633900577
Fe    1     4789.1 0.032883346466 0.002795660830 -0.000001293001 0.000000241240 -17.012188959351 3.527838444886 2.007993647178 0.418261471433 34.956411591039 2.785222754263 -2.681609798019 0.452384204026 -331432.685104365577 15917.579208743056 -111.004829141301 9.471211652679 0.537039313825
Fe    1     4790.0 -0.046979631665 0.002819603189 0.000005194781 0.000000243306 -5.023413462222 3.558049277974 0.703448880620 0.421843275644 -28.111500162637 2.809074993028 5.203596157804 0.456258405834 55945.945915377386 16053.894855629665 106.184932162449 9.552320386831 0.541638449521
Fe    1     4804.2 -0.081367319000 0.002823302700 0.000007837458 0.000000243626 -10.906088809991 3.562717553633 1.445058115376 0.422396744201 -39.793214091602 2.812760603198 2.848007092030 0.456857036703 111352.044354482496 16074.958174589518 228.350422578868 9.564853961063 0.542349241521
Fe    1     4809.4 0.032504075284 0.003041409142 -0.000001803504 0.000000262446 -22.810686737135 3.837946957556 2.761732009591 0.455028016872 16.510492884449 3.030051516235 -3.742502217686 0.492149927854 -200109.426233850274 17316.778327893553 -80.462268033584 10.303758116692 0.584246570253
Fe    1     4845.3 0.022140503000 0.004051561233 -0.000000260298 0.000000349613 -19.018485813459 5.112655036184 2.463328092149 0.606157750653 34.495427850787 4.036434829215 -2.702626231328 0.655610255878 -347669.727082445403 23068.269637516612 -83.757645919720 13.725979907025 0.778294677690
Fe    1     4877.2 0.044465376120 0.003259695544 -0.000002231450 0.000000281282 14.907207117413 4.113404332131 -1.920998922264 0.487686314487 -14.981522425658 3.247527513797 5.555953980777 0.527473005990 -42443.774855080177 18559.655666625884 -210.963265836127 11.043282891458 0.626179593693
Fe    1     4883.5 0.026153467305 0.003037183700 -0.000000560111 0.000000262082 15.471591884834 3.832616628042 -2.043773342524 0.454396068423 -6.239959849552 3.025829730552 0.176036950669 0.491463624050 -123264.994783831295 17292.653365805789 -161.163577236878 10.289459949464 0.583435841066
Fe    1     4892.1 0.128767272363 0.007476569720 -0.000006526574 0.000000654392 -0.273951634101 7.814400268862 -2.473960990227 0.922593151680 -59.396841836909 7.088397603200 1.472607447070 1.039215885110 68699.572038649785 40264.544428045469 -476.549210317359 24.269152185007 1.025280674350
Fe    1     4892.8 -0.009877750793 0.009445630328 0.000006028528 0.000000831938 -63.549379236164 8.942723181395 4.673179657032 1.054297842788 -121.928111718940 8.284930386126 4.543151677261 1.171931104069 440990.102194658655 46949.867375206872 46.190001055777 30.441371872587 1.116514113448
Fe    1     5664.0 0.099443615521 0.003588938941 -0.000006908643 0.000000309693 45.406168330862 4.528869250837 -5.777735451055 0.536943947263 4.282296472326 3.575539478792 -0.426940247718 0.580751653064 -215355.562024450366 20434.243107746697 -431.720947340049 12.158682184819 0.689426037508
Fe    1     5669.0 0.000554605463 0.003377949613 0.000001215324 0.000000291487 -34.642863813068 4.262640318566 4.509457233754 0.505379763339 3.278251585172 3.365341248759 -5.404957942843 0.546610065167 -210927.295333257236 19232.963087734821 21.589734565632 11.443903855747 0.648897432747
Fe    1     5680.5 -0.021761287168 0.001695698590 0.000002910003 0.000000146324 -19.174913044431 2.139797783275 2.070988927444 0.253694993561 -6.001248662141 1.689367883483 2.977216010174 0.274392181443 -103457.837976019073 9654.755718348320 73.073744910598 5.744726966513 0.325739277777
Fe    1     5703.1 0.030030175568 0.003236729590 -0.000000743246 0.000000279301 14.572338618050 4.084425188391 -1.799497339880 0.484250548454 -13.107683353619 3.224645553898 -1.364418226815 0.523756453200 -86329.884456508444 18428.886106422771 -178.134804710575 10.965465211763 0.621768000878
Fe    1     5733.3 -0.005644996682 0.001854915746 0.000001687935 0.000000160063 -20.233413249076 2.340715134324 2.335070256296 0.277515808949 -6.643798787327 1.847990457971 1.885438885152 0.300156096083 -103719.260131493676 10561.286129095168 20.121863888525 6.284130892193 0.356324658936
Fe    1     5754.7 0.014717727404 0.002040378038 0.000000050819 0.000000176066 -5.746885282752 2.574734725722 0.380116385522 0.305261238772 -9.408884859141 2.032758370727 -0.767625354879 0.330165410103 -114497.675068808516 11617.237576639060 -69.317022686870 6.912443021928 0.391949766870
Fe    1     5776.6 -0.023630224098 0.001914322092 0.000003174343 0.000000165189 -19.005359911512 2.415677688860 2.151298127510 0.286403386333 -9.682993546942 1.907174743937 1.820453051842 0.309769017735 -85502.402316437976 10899.524940294918 72.660710177268 6.485387246585 0.367736331144
Fe    1     5808.3 -0.026430401719 0.002310134880 0.000003325742 0.000000199344 -31.302837726930 2.915151422642 3.712459795809 0.345621131695 2.023311632602 2.301509931486 -0.887675955285 0.373817960558 -165971.857487020519 13153.154960302325 107.477414838745 7.826325560760 0.443770818435
Fe    1     5810.8 0.010921500526 0.002443883301 0.000000515629 0.000000210885 -22.874552908437 3.083927984513 2.678384051916 0.365631323530 31.969685474908 2.434756964010 -2.435629473668 0.395460481018 -344006.217091326078 13914.663329403400 -31.858161792702 8.279446046779 0.469463324407
Fe    1     5853.8 -0.002308561297 0.002746458192 0.000001251624 0.000000236995 -29.240635469327 3.465750619048 3.512995220343 0.410900321694 23.568993929177 2.736204815652 -2.000215014761 0.444422544277 -264720.320965950028 15637.440236602093 32.533205981996 9.304522715910 0.527587864732
Fe    1     5861.2 -0.028607515946 0.002426774547 0.000003568007 0.000000209409 -7.812895959580 3.062332743088 0.724367234496 0.363070975531 2.389018535592 2.417693711138 0.016043774444 0.392688942190 -173245.760675600381 13817.151529161078 66.164073545267 8.221405885129 0.466179015793
Fe    1     5863.9 -0.021830136577 0.002604229082 0.000003049275 0.000000224722 3.552444262451 3.286271863647 -0.797271489061 0.389621274334 0.801864695739 2.594503752935 -1.816168969613 0.421407450444 -173615.031046439050 14827.617660570755 24.459618009235 8.822679550210 0.500265699123
Fe    1     6496.7 0.285170418257 0.006332671586 -0.000021096106 0.000000548167 70.967576017669 7.601699886659 -9.746755723313 0.900229833017 86.813292957295 6.247638929614 -7.885398576413 0.962866187133 -729553.364804761135 35683.644471547399 -1064.493528718436 20.978467271544 1.111214222869
Fe    1     6500.7 0.071161776571 0.004450463987 -0.000004052337 0.000000384035 -3.838961598764 5.616045182735 0.568639678254 0.665839809554 20.527419063431 4.433848231768 -2.464049851570 0.720157971408 -245940.517165180150 25339.492527291193 -269.243824302591 15.077432988454 0.854922870639
Fe    2     6517.8 -0.136984852807 0.004329538735 0.000010983750 0.000000373600 17.070131972418 5.463424533541 -0.851907783810 0.647745108336 -20.736190559751 4.313365952884 3.563209646196 0.700590285468 13562.414952777206 24650.938237325903 366.385332368550 14.667687613898 0.831693086006
Fe    1     6520.1 -0.043328999297 0.003751083551 0.000005204926 0.000000323685 -30.491188065248 4.733479527150 3.788069788505 0.561202592937 -34.120506346819 3.737075455087 -2.965558442642 0.606987516823 32028.031753809708 21357.425903062940 138.261904423233 12.708010493690 0.720573237173
Fe    1     6548.0 0.096327397265 0.004765015554 -0.000006382476 0.000000411178 53.145814386312 6.012961710927 -6.790920052766 0.712898345875 21.628348157097 4.747221729237 -3.477362347776 0.771058168081 -277039.853545393620 27130.424414464411 -445.221164564397 16.143033776555 0.915347511158
Fe    1     6594.7 0.099323767976 0.004151357106 -0.000006140546 0.000000358248 51.444822891805 5.222219902426 -6.613970353957 0.619129831623 41.561293887200 4.130721237437 -7.667398871339 0.669554626377 -441406.254204957804 23606.927370368448 -466.686104413841 14.025869308355 0.794341989675
Fe    1     6595.6 0.008922393877 0.003481526186 0.000001207200 0.000000300424 15.695045819438 4.393329650169 -1.950183446148 0.520874324205 -1.000381164754 3.468551848828 -1.334515778171 0.563370499797 -150534.989684014901 19822.809990416219 -123.230800646416 11.794769047365 0.668792132566
Fe    1     6599.3 -0.028232418802 0.002347793117 0.000003299977 0.000000202593 -24.241847111867 2.962673365552 2.843498819283 0.351255339827 5.636462547295 2.339025741337 -0.800857901396 0.379911666954 -162028.878652382467 13367.558199606156 105.183759521506 7.953905217786 0.451004812422
Fe    1     6610.9 -0.005310314919 0.003999415360 0.000002421111 0.000000345114 -22.077834399974 5.046850546803 2.664924249242 0.598355944300 6.117757935682 3.984478375729 -2.410043122803 0.647171185752 -203371.832576544315 22771.338754635726 -3.597936932378 13.549316848826 0.768276961766
Fe    1     6629.3 -0.005149926922 0.002498547648 0.000001208697 0.000000215602 -31.223381887577 3.152909359904 3.812883821758 0.373809770164 26.872924585730 2.489217773168 -5.861678452613 0.404306074268 -266642.949709502805 14225.907493831604 53.454051149935 8.464636229455 0.479964348221
Fe    1     6679.8 0.171853014370 0.004859231970 -0.000012063447 0.000000419368 84.472515039605 6.099443558267 -10.897134469891 0.723105242759 72.562342208104 4.820837922734 -7.787894968945 0.781313664026 -619323.225778656080 27550.460639713889 -750.575653328747 16.372904034294 0.926796188506
Fe    1     6705.4 0.022806954676 0.003515916239 -0.000000477148 0.000000303392 -22.932580697727 4.436733792017 2.840659973514 0.526020348134 38.246286258651 3.502792547733 -4.268249040989 0.568934075448 -342416.682436054805 20018.498039408747 -69.365100962847 11.911317823553 0.675399518606
Fe    1     6727.2 0.007941809645 0.002299437700 -0.000000025512 0.000000198421 -21.612153809485 2.901638200633 2.636694276215 0.344019006436 39.886912228832 2.290837328961 -4.964963617207 0.372085242071 -308246.101628822624 13092.159851154385 -0.829476264169 7.790056324474 0.441713100503
Fe    1     7712.4 -0.009927745546 0.002230597090 0.000002337794 0.000000192480 -25.543516073129 2.814783214503 2.777614708749 0.333721449988 11.989423699641 2.222267322482 -0.438552520527 0.360947214724 -240081.238649127015 12700.282696475830 38.372840749375 7.556872795650 0.428491731962
Fe    2     7713.8 -0.134189172383 0.004228945521 0.000010270109 0.000000364920 49.811278392434 5.336493891165 -4.719052131173 0.632696141416 -45.071081580749 4.213153705481 4.841903009885 0.684313021862 158405.020932755200 24078.220422075578 304.387070063958 14.326922565730 0.812369559378
Fe    1     7750.4 0.080984068959 0.003364212795 -0.000004852497 0.000000290311 31.967364529848 4.235062879094 -4.088773345671 0.502109415093 5.713307059564 3.354509068595 -5.410944665163 0.543729296104 -236089.014564249781 19171.515818759617 -367.157703475127 11.383254009756 0.644639340896
Fe    1     7753.2 -0.037057421053 0.002782146366 0.000004179069 0.000000240074 -30.935792219452 3.510781126726 3.683691889237 0.416239144531 21.008703833633 2.771756901881 -2.678557401143 0.450196958682 -267172.600900774822 15840.621967857758 139.527259619863 9.425421069597 0.534442816006
#Li    1     6709.6 -0.273853590763 0.030459518257 0.000022943063 0.000002628382 -48.606375706871 38.436803717900 5.826128884089 4.557077632631 87.216166287406 30.345773917696 15.506718795055 4.928849531173 -527301.237184672966 173426.438517929957 907.992513785985 103.191504110714 5.851194441492
Mg    1     4731.3 0.036931340771 0.003790094952 -0.000001073523 0.000000327051 -110.056309033352 4.782720803166 13.276715765738 0.567040649186 -10.398070551901 3.775951498890 -13.932902970913 0.613301221869 -178068.539718087850 21579.605400330795 50.133268691527 12.840188823630 0.728068878069
Mg    1     5712.6 0.074118643812 0.005092132917 -0.000004146696 0.000000439405 -74.264918608848 6.425752382567 8.276237818615 0.761838919802 -47.975119493376 5.073120492933 -9.734647195160 0.823991309506 129053.097402858039 28992.940087836832 -124.341997565504 17.251256201183 0.978185950626
Mn    1     4740.4 -0.011853227266 0.004770823242 0.000002639456 0.000000411679 -23.173301564420 6.020293075654 2.693242585839 0.713767553117 17.478467065447 4.753009788414 -0.656592331172 0.771998165863 -275094.958984285244 27163.503733986759 31.439161137203 16.162722785210 0.916463044264
Mn    1     4762.8 -0.010190318080 0.003862847250 0.000002443172 0.000000333329 -30.734764934232 4.874517206204 3.574121465777 0.577924056508 -5.732204507015 3.848424305048 -0.931279743229 0.625072465663 -165305.663447799394 21993.787897004720 43.896258401580 13.086653417536 0.742043117457
#Na    1     4753.1 0.029684244015 0.002787057574 -0.000001600630 0.000000240498 -55.737019892236 3.516981025491 6.767920360406 0.416974207973 25.768122227845 2.776650563085 -16.823568595343 0.450991627083 -307079.535829879693 15868.589088809047 -3.666359624553 9.442062363206 0.535386498882
Na    1     5684.2 0.104819672283 0.004918511411 -0.000006925203 0.000000424591 -77.701503197252 6.169035091297 9.073336434917 0.731161614358 -20.292856487318 4.942203748819 -23.154142366125 0.790475385900 -191052.132586921798 28245.478044885178 -207.493823778572 16.582577323501 0.928345285932
Na    1     5689.7 0.079055645005 0.007048633012 -0.000004955798 0.000000608281 -62.564898671801 8.858717354179 7.064534509076 1.050260602280 -33.213875806602 7.019049087797 -24.856047879884 1.136504764320 -83734.187909565357 40113.993886112410 -152.412240222210 23.802418918152 1.347413849595
Ni    1     4832.5 -0.087812690834 0.002455649360 0.000008802076 0.000000211895 -27.034259478889 3.098600487999 3.304035347381 0.367370474471 -31.255652006286 2.443169688549 -4.768395262118 0.397335744711 -23.160368573556 13962.938473185461 268.373989355883 8.317677466959 0.471695396367
Ni    1     4867.6 -0.075366906039 0.003016300906 0.000007206924 0.000000260280 -7.467514391401 3.806260729707 0.851780741972 0.451271255969 -24.083329436208 3.005036921469 -2.647769539086 0.488086794745 27993.345797189057 17173.820383715301 212.085398395864 10.218681004595 0.579423109286
#Ni    1     5696.5 -0.030287064281 0.002714035063 0.000003935804 0.000000234197 -65.638331184955 3.424836536264 7.978407138224 0.406049534119 17.958859228432 2.703901394745 -10.081107806457 0.439175744160 -291412.580872189021 15452.826660264758 179.137984843806 9.194676398495 0.521359391702
#Ni    1     5749.9 0.044762380256 0.004781708288 -0.000002488683 0.000000412618 -55.923857353527 6.034026469443 7.086072914584 0.715395789731 24.514120142085 4.763855308172 -12.364658767426 0.773759513168 -290230.345109674614 27225.486522359926 -65.461727872304 16.199588064580 0.918554163037
Ni    1     5756.2 -0.048562756154 0.004770671772 0.000006569931 0.000000411704 -57.221793826583 6.005069880876 7.168520067446 0.711942290370 -21.062017363775 4.757235430491 -7.932718108377 0.770260704688 -89301.047033401584 27188.829470243076 173.826381040566 16.169586766548 0.913117974213
#Ni    1     5806.8 -0.057545914195 0.002952704652 0.000005636559 0.000000254792 -57.466640634606 3.726018582097 7.098981688641 0.441757752052 -20.509158287415 2.941684155574 -6.380512893761 0.477797734672 -18508.590499522827 16811.755022462366 260.024583037133 10.003250614969 0.567207975208
#Ni    1     5848.6 0.046642989949 0.004181437452 -0.000002686348 0.000000360820 -42.792268544173 5.276545398564 5.404399019011 0.625588632391 56.893914674917 4.165823362029 -10.528858384343 0.676625517267 -432505.958590971015 23807.727377228344 -95.386821839479 14.165977284522 0.803243336835
Ni    1     6588.1 -0.012810858800 0.004968522500 0.000002547561 0.000000428739 -48.653148723212 6.269758913049 6.127291932425 0.743344289474 -0.412846906093 4.949969147964 -8.833624955356 0.803987851232 -139801.059749561566 28289.134484090137 85.128143913504 16.832456533770 0.954439471518
#Ni    1     6600.4 -0.028645286793 0.003249510751 0.000003189873 0.000000280404 -53.109811299028 4.100551679879 6.553112546766 0.486162498754 9.982723877471 3.237379079974 -11.119805325890 0.525824803761 -178774.584761175356 18501.657301730618 166.528435303345 11.008775127158 0.624222918159
#Ni    1     6636.9 -0.032238415360 0.003288736294 0.000003385101 0.000000283788 -61.799404129297 4.150051202563 7.574484508305 0.492031179083 5.439089402883 3.276457252250 -13.652645283972 0.532172076851 -159853.711714094825 18724.990052597281 199.144102630444 11.141665914341 0.631758064205
Ni    1     6645.4 -0.069901395533 0.004453137682 0.000008211708 0.000000384335 -33.575176270819 5.584324199290 4.348447470528 0.662041289493 -48.746388311087 4.430460309401 -6.366630651902 0.715684362647 105523.746369684624 25320.308999011835 193.886425726216 15.043523259066 0.848395264435
Ni    1     7717.7 -0.092813299287 0.004719953893 0.000009296090 0.000000407290 -69.657428699117 5.956101979559 8.647741407575 0.706157036493 -12.803042812955 4.702333310219 -10.030482665581 0.763766278530 -120655.609123938484 26873.888896776338 365.753753629543 15.990383838827 0.906691225403
Ni    1     7729.7 -0.074530067208 0.002436486666 0.000007893421 0.000000210247 -31.225292797529 3.074597579068 3.604431255162 0.364525110591 -30.202672794517 2.427387274366 -5.890967535232 0.394264167783 -7612.869538353480 13872.543042074027 235.714021359911 8.254401970397 0.468043041055
Ni    1     7751.0 -0.014127652471 0.002299956977 0.000002673747 0.000000198466 -0.387203153550 2.902295729868 -0.010270137361 0.344096941925 -42.653061598977 2.291365509878 -6.117434757467 0.372170150384 44999.548541689670 13095.178703849662 -4.967483544045 7.791801697811 0.441815085818
Ni    1     7791.0 -0.068610737021 0.005206477965 0.000008362486 0.000000449484 -60.875036088417 6.504179084679 7.574489803137 0.770976288639 -41.720748490532 5.191528358831 -6.533641903487 0.832460301407 46632.207769675202 29670.571894435991 239.017338348046 17.584119036795 0.982855498902
Ni    1     7799.7 -0.088403697278 0.002546022867 0.000008854116 0.000000219699 -47.843697525246 3.212815633003 5.730059304325 0.380912277449 -34.637660524322 2.536519562035 -4.914546176654 0.411988905801 26839.322146586379 14496.237173730457 315.696246115132 8.625484683841 0.489083908747
O     1     7774.0 -0.060066566224 0.006452281354 0.000001806595 0.000000556774 15.066345351461 8.142164908447 -0.073368826127 0.965337395594 -91.085195028425 6.428205213809 -1.330479434985 1.044089537605 427552.546750531474 36737.262512624475 220.727046605137 21.859385451064 1.239468937117
O     1     7776.3 -0.024423775662 0.005710053106 -0.000000914753 0.000000492726 7.590069352010 7.205504150322 0.677325935807 0.854286565263 -85.948297464795 5.688733307266 -2.506844907726 0.923981439829 401259.296250065265 32511.173092258730 124.105018065970 19.344685797709 1.096886804217
O     1     7777.5 -0.000319289644 0.004687924363 -0.000002550136 0.000000404526 -0.399179564476 5.915647712173 1.396460411093 0.701361227219 -90.503493178104 4.670413517137 -1.551288415334 0.758580154300 438983.404380028311 26691.482263217731 60.809100889396 15.881659179198 0.900541564203
Rb    1     7802.2 -0.127334551687 0.004421234263 0.000011390890 0.000000381513 -154.751397830445 5.579146160470 18.826510051441 0.661465047737 -50.407860277289 4.404724256549 -17.650563472313 0.715428841745 72958.409370796697 25173.047926535426 671.901599629938 14.978354046974 0.849307908566
#Sc    1     4745.1 0.110268624703 0.003083692281 -0.000008775175 0.000000266095 -16.127983947038 3.891300839450 1.826113162738 0.461353659649 54.558988782687 3.072177498567 -6.055024731367 0.498992007272 -346012.352637818782 17557.528618528071 -308.756956724596 10.446994562154 0.592369265375
Sc    2     5659.4 -0.079035489482 0.003861702213 0.000006673536 0.000000333230 14.880402169490 4.873099589132 -0.221693022812 0.577756040751 -46.833607109364 3.847276105771 -1.537019216836 0.624886343024 150036.248894457240 21987.224621879643 171.609606718999 13.082753070980 0.741822050150
Sc    2     5668.7 -0.059180307196 0.003739413417 0.000005556988 0.000000322678 -32.938914869961 4.718759813774 5.094471812565 0.559457416415 -43.247142509441 3.725451778771 -10.213332047845 0.605099040491 75708.532500654925 21290.998617045378 202.196826562442 12.668480331272 0.718332026908
Sc    2     5670.6 -0.090516106305 0.004240720864 0.000007596837 0.000000365936 -2.362372401138 5.351324472393 1.781878133596 0.634454432705 -74.953553041042 4.224883716387 -4.461167404910 0.686219299972 326181.482518847683 24145.256260019003 244.322681707315 14.366766814629 0.814631399698
#Sc    1     5673.3 0.168789219840 0.003443109578 -0.000013259962 0.000000297109 -24.776141727400 4.344859123438 3.034905996735 0.515127666343 76.895971794909 3.430251842592 -12.253883210753 0.557151953828 -540361.866036458290 19603.927709865828 -482.874444386224 11.664658029279 0.661412403721
#Sc    2     5685.7 -0.131721018142 0.003632399043 0.000011621855 0.000000313443 -48.166158964418 4.583713570342 7.093021346666 0.543446307922 -84.043315094887 3.618835305750 -4.633962309228 0.587782136239 336580.267063671199 20681.684457105352 446.622115216439 12.305926474859 0.697774674065
Sc    2     6606.4 -0.076438245531 0.003103016963 0.000006908633 0.000000267762 -2.110542336545 3.915674031156 1.292564766210 0.464243346163 -24.401717275102 3.091427129462 -4.897933372627 0.502118392971 41635.309668429058 17667.541083362121 194.996510755223 10.512410959934 0.596080906367
Si    1     5667.1 -0.093259556127 0.003831757047 0.000008714108 0.000000330646 -73.761739835086 4.835285940776 9.216238538949 0.573272782899 -6.990617068933 3.817447220863 -7.705069347941 0.620041610390 -84055.926279707171 21816.752889011088 394.145625163875 12.981314093375 0.736070767993
#Si    1     5686.0 -0.166227189030 0.004011801396 0.000014852376 0.000000346182 -71.154794854001 5.062481949094 9.580249483700 0.600209225625 -82.111470119807 3.996825861049 -4.909561354060 0.649177222484 291989.164968865982 22841.903497458770 591.640815169928 13.591288872764 0.770656876101
Si    1     5692.0 -0.117377542435 0.003414019653 0.000010673822 0.000000294599 -71.081437619073 4.308144830523 8.825703176918 0.510774803639 -38.132576362065 3.401272546254 -4.353583428378 0.552445077208 90529.452671927735 19438.310392934683 463.045702053769 11.566098710776 0.655824859824
#Si    1     5702.6 -0.033713298097 0.002504497334 0.000003463635 0.000000216116 -49.566776503743 3.160416748092 6.219056207312 0.374699856968 -41.999404623353 2.495144816126 -5.772994956315 0.405268664851 111116.765512866099 14259.780601464601 177.353654358426 8.484793156344 0.481107178401
#Si    1     5755.2 -0.062546791487 0.004163756090 0.000006051318 0.000000359295 -95.598292605770 5.254241097187 11.816154212396 0.622944217986 -29.368031557690 4.148216911937 -14.439688184016 0.673765638520 -36781.406087666313 23707.106600565818 350.953805880058 14.106086668500 0.799847569286
Si    1     5773.7 -0.108161698680 0.003935390294 0.000010024917 0.000000339589 -90.775259640313 4.966063327058 11.297133320589 0.588777790888 -32.595030083885 3.920685524878 -8.890230923799 0.636810471111 19825.934799716993 22406.765152405496 470.291879848238 13.332413928307 0.755978763240
Si    1     5794.6 -0.084332661423 0.003255980303 0.000007578438 0.000000280962 -75.036810422422 4.108712278460 9.462540388675 0.487130013464 -48.643168645395 3.243820841504 -8.485084144910 0.526870963358 138344.729513714876 18538.472725699878 381.211359440004 11.030686970261 0.625465082896
#Si    1     6529.0 -0.108956581210 0.004036052815 0.000009692353 0.000000348275 -86.565692418098 5.093086250888 10.835128709735 0.603837672318 -39.752675366678 4.020986292969 -13.555820585089 0.653100293395 63251.184009559220 22979.981158533712 477.570838601997 13.673440990900 0.775315334453
Si    1     7852.1 -0.157946395563 0.004512442788 0.000013842149 0.000000389383 -133.364961778334 5.694237973092 16.349857199633 0.675110392245 -52.283623528141 4.495595155101 -17.331466574140 0.730187386941 94754.708915300027 25692.378253039980 721.221181890177 15.287360283872 0.866828547337
#Ti    1     4723.9 0.225649372996 0.002378131424 -0.000017711040 0.000000205211 -17.168058770247 3.000962977558 2.029632957116 0.355795006080 72.684086272282 2.369253366492 -10.747225505123 0.384821344761 -512129.137585659511 13540.309107008650 -676.518239853236 8.056703727805 0.456833175342
Ti    1     4759.4 0.039366010180 0.002535626950 -0.000001895905 0.000000218802 -24.692373214031 3.199702122965 2.964667805796 0.379357536287 -20.172284565929 2.526158771667 -3.101329510310 0.410306291534 37097.634163288865 14437.025654967914 -112.929293277075 8.590255479222 0.487087474191
Ti    1     4760.6 0.042487122733 0.002890407790 -0.000002209139 0.000000249416 -16.070249138197 3.647398516812 1.907890308291 0.432436539824 -30.334602652878 2.879612692768 -2.898472906518 0.467715637927 103734.027933337857 16457.018635124816 -137.970838247540 9.792189303827 0.555239817707
Ti    2     4765.8 -0.020486376529 0.003804515645 0.000002595501 0.000000328295 -24.774404002627 4.800909499657 4.158496268819 0.569197110277 -6.469446941377 3.790308693394 -9.295141509317 0.615633396593 -153141.478117579711 21661.656614378473 59.054453675798 12.889032939381 0.730837752873
#Ti    1     4779.5 0.105756592168 0.001592732260 -0.000008050681 0.000000137438 -23.169483966209 2.009862707574 2.780005681959 0.238289858386 40.914082170851 1.586784812796 -8.403462790108 0.257730438177 -301391.031294695742 9068.492517772809 -294.753309876928 5.395895613868 0.305959793660
#Ti    2     4781.3 -0.061159163183 0.003554447213 0.000005076436 0.000000306717 50.183922603476 4.485348046514 -4.842320187871 0.531784064689 -17.139682350433 3.541172324676 -0.657463376788 0.575167976445 17594.051189462341 20237.839215024695 55.179203686794 12.041843770269 0.682799878634
Ti    2     4799.8 -0.041495775244 0.004392919710 0.000004954813 0.000000379069 10.626734667047 5.543412183999 0.082393139466 0.657228414364 -26.115491130409 4.376515746734 -0.461705172095 0.710846503876 -25369.778595831271 25011.836437232436 25.211914931449 14.882418296982 0.843868312926
Ti    1     4821.7 0.085123590629 0.003061539380 -0.000005451113 0.000000264181 -0.017871516865 3.865192721604 0.202286334034 0.458273100688 3.439579474002 3.049823590472 -2.841567425678 0.495416956256 -106828.625599578823 17429.771139683617 -314.306340769039 10.371391525935 0.588057794971
Ti    1     4842.2 0.013736640323 0.003210175513 0.000000879422 0.000000277009 -16.456129462633 4.050912514227 2.022342924554 0.480277264619 -39.118745097433 3.198189452663 -7.232155546825 0.519459410343 98668.163049862298 18277.688590150046 -76.490837978402 10.875515722319 0.616666594220
Ti    2     4850.5 -0.087429780601 0.005242910918 0.000008754912 0.000000452416 -13.960939287115 6.616002065841 2.809803175908 0.784394941069 10.468085259678 5.223334826573 -4.652494705068 0.848388619869 -232691.551784029871 29851.417822319316 219.384508292341 17.762018209869 1.007149454745
Ti    2     4866.9 -0.116029190562 0.003456055421 0.000009650366 0.000000298227 -6.399609500820 4.361086772255 1.944816062452 0.517051651631 -12.146946709771 3.443176143190 -1.032327736990 0.559241239039 2046.721243988556 19677.814800681881 339.077728848733 11.708483958019 0.663883772679
Ti    2     4875.3 -0.086657324562 0.004496479207 0.000007092450 0.000000388006 14.586569511390 5.674106820379 -0.556243878338 0.672723584574 -53.923944416831 4.479686348380 4.814195085571 0.727603939023 240257.440329597914 25601.457748075642 208.944792429093 15.233268209539 0.863761389051
#Ti    1     5691.0 0.119954744891 0.002120452335 -0.000009241212 0.000000182976 -24.684657009152 2.675793576824 2.882594381960 0.317242793911 56.907137270810 2.112535264843 -8.585849652783 0.343124256622 -394755.689172694925 12073.162815478870 -333.062362522519 7.183717939841 0.407333585103
#Ti    1     5741.0 0.102755850932 0.001836067700 -0.000008018015 0.000000158436 -17.286277144703 2.316932574472 2.084648550629 0.274696146328 43.766710661900 1.829211644234 -5.894080002109 0.297106095747 -297365.616569486447 10453.965183937768 -290.045414273673 6.220275309377 0.352703921044
#Ti    1     5767.9 0.064864552895 0.001425166397 -0.000004980193 0.000000122979 -12.753111366423 1.798415927422 1.513160978890 0.213220667701 35.462588218080 1.419846097357 -5.231461604433 0.230615648220 -251012.965674969542 8114.436206375583 -181.847783661280 4.828221035607 0.273770945286
#Ti    1     6600.9 0.178600866634 0.002610389725 -0.000014202347 0.000000225253 -9.433638166302 3.294058203753 1.100904786242 0.390544458690 57.817694466065 2.600641811605 -7.172202144226 0.422403957936 -393946.669446602056 14862.696802596394 -537.735867166893 8.843549508388 0.501448752767
#Ti    2     6608.8 -0.018763267903 0.002515446154 0.000001791708 0.000000217060 -10.555319660151 3.174238823102 1.740850099330 0.376338596414 -3.230678027049 2.506052994663 -5.673349775202 0.407040994868 -35318.673251901695 14322.120492763699 61.487561375550 8.521893536314 0.483211078713
UL    3     4745.7 -0.068349379136 0.002724935563 0.000006653909 0.000000235137 -71.284212979308 3.438585080339 8.332985782130 0.407679565828 5.317148642204 2.714763821637 -6.340274473813 0.440938784749 -242751.959825896687 15514.906207546232 325.539401695096 9.231593235148 0.523452504875
UL    3     4749.4 -0.071055137569 0.002872354700 0.000006899757 0.000000247858 -83.101022626824 3.624619219886 9.767468696704 0.429735821663 -12.850751260442 2.861627506864 -8.230544590994 0.464794432518 -157141.946640851063 16354.233042387099 356.943508787094 9.731033947152 0.551771819079
UL    3     4765.2 -0.116581446858 0.003428555365 0.000010998423 0.000000295853 -13.759829448468 4.326498103285 2.629146488185 0.512950777745 -38.367472412829 3.415755708423 1.362052546714 0.554797291357 66406.831849433496 19521.080476455056 315.538453563859 11.615376297566 0.658617835654
UL    3     4774.1 -0.077314724662 0.003753217378 0.000008460722 0.000000323876 -18.168955845466 4.728853668958 2.340779106460 0.560653639765 -43.944737974042 3.739472783231 2.371886067796 0.606745347486 91535.023403343686 21371.434696342538 198.558989910039 12.705472479797 0.719833172073
UL    3     4791.0 0.033260382471 0.003978016053 -0.000001481800 0.000000343267 58.474311829575 5.019841824612 -6.826995248385 0.595153785982 5.176119780107 3.963161804593 1.813374150252 0.643707933063 -191236.821481238178 22649.516177362915 -267.878098570052 13.476827524371 0.764166104869
UL    3     4808.3 -0.062778065147 0.002779458995 0.000006697230 0.000000239842 -49.380155242062 3.507375531007 6.032182545116 0.415835375498 -29.397240134349 2.769079012059 -5.460205668145 0.449759719519 3276.671833758558 15825.323270651577 240.015090680254 9.416310293336 0.533924362230
UL    3     4819.1 0.004735374699 0.005424627768 0.000001594785 0.000000468097 -59.906612310684 6.845330454381 7.385574000596 0.811584215865 34.575753170317 5.404372056904 -9.224131257023 0.877795009349 -411725.203931102005 30886.046135488352 40.333554557152 18.377691543763 1.042057991730
UL    3     4825.5 -0.003579210684 0.003915648291 0.000000497721 0.000000337885 71.445065421062 4.941133179507 -7.672222586453 0.585822059781 51.761789230525 3.901015752007 5.085789885635 0.633614220875 -445086.597680962703 22294.349500891873 -163.166548244308 13.265497191196 0.752183385763
UL    3     4830.7 0.114488775613 0.002496470040 -0.000007872511 0.000000215423 7.107206600837 3.150293122493 -0.941066168988 0.373499562179 -1.748040669073 2.487136279624 -4.546061976664 0.403969517271 -212088.945602645574 14214.012358657936 -410.953164993873 8.457589178461 0.479566414004
UL    3     4834.0 -0.004348473528 0.003708671903 0.000002195085 0.000000320025 -34.816896854517 4.679966695162 4.311764355277 0.554858096632 -12.064292729409 3.694825131936 0.412642429156 0.600124277027 -101931.472317765190 21115.967029149248 21.636517792107 12.564335934933 0.712426625113
UL    3     4840.9 -0.053726576599 0.003661081007 0.000006026027 0.000000315918 -15.861751582940 4.619903733999 2.121370469264 0.547737019741 -21.329607414158 3.647409779024 1.095607039892 0.592422972700 -19972.214895107663 20844.988969370741 137.225946016289 12.403091617615 0.703283624802
UL    3     4849.6 0.010075518661 0.004899399143 -0.000000623568 0.000000422774 26.187177493725 6.182535223522 -2.073579164759 0.733003015232 65.045246576686 4.881107056203 -0.449862648629 0.792803526790 -528965.393855093862 27895.581124665016 -113.921390787182 16.598298031290 0.941161633875
UL    3     4852.8 0.398089204426 0.003861605620 -0.000031092052 0.000000333222 -11.807590839220 4.872981228843 1.177548540826 0.577741845348 100.124694902186 3.847182275134 -12.673545640056 0.624870763610 -710868.441616437747 21986.690480370951 -1232.363745734201 13.082427107011 0.741803394153
UL    3     5677.0 -0.080487359476 0.003656048814 0.000008033974 0.000000315484 -134.960086309415 4.613556177463 16.488823588095 0.546984452825 -62.379392308215 3.642396758544 -20.632957803920 0.591608743154 112722.996494651496 20816.338041636987 471.125228707119 12.386046831202 0.702316957118
UL    3     5693.0 -0.013096766933 0.002963810178 0.000002359540 0.000000255750 -46.080929924753 3.740024979932 5.620708314568 0.443418358201 22.395269068233 2.952742700294 -3.815038993115 0.479593216377 -273151.429351106053 16874.957447339471 91.349703749482 10.040867114898 0.569340071092
UL    3     5695.2 -0.045840356673 0.002676459300 0.000004794546 0.000000230954 -33.309926550471 3.377415458006 4.036937233758 0.400427284713 -6.052877772590 2.666463744123 0.805274014069 0.433095044272 -94816.705358342719 15238.868988876788 173.576473051200 9.067376550369 0.514140360767
UL    3     5707.5 -0.019882188866 0.002963415997 0.000003146297 0.000000255716 -31.380367573175 3.739527696477 3.807978706431 0.443359399211 -12.767887696816 2.952352460824 0.674647972673 0.479529860914 -149263.872863443074 16872.726954544221 73.929064474034 10.039532117930 0.569264609826
UL    3     5708.6 0.221666401399 0.003700862685 -0.000016407745 0.000000319351 -42.529983766362 4.670112571615 5.092316320484 0.553689793256 104.337144078056 3.687045470632 -15.183862159472 0.598860543072 -804356.079990366008 21071.506092786127 -644.666796723394 12.537878045836 0.710926353338
UL    3     5716.6 -0.026424028193 0.002229656309 0.000003680519 0.000000192399 -39.188380674635 2.813599922333 4.668285358860 0.333581154017 -24.416598319031 2.221332040676 -0.372845531539 0.360795734589 -17816.683296529354 12694.936459320941 112.485145073894 7.553685234953 0.428311667793
UL    3     5719.4 -0.038609783206 0.002560588214 0.000004549297 0.000000220956 -29.689852338085 3.231198441872 3.614165741527 0.383091746451 -12.857729445751 2.551025648533 -0.258477503596 0.414345218028 -90078.993133494834 14579.139541753299 131.306384589469 8.674825235936 0.491881971448
UL    3     5753.6 -0.033286755138 0.002004204931 0.000003854129 0.000000172945 -33.611628717643 2.529101942654 3.926672889497 0.299850998494 -6.836268872718 1.996721851073 1.053554102877 0.324313629724 -100351.193559495005 11411.288143640280 135.704389778459 6.789894397586 0.385003069110
UL    3     5792.6 0.057405728218 0.002601820665 -0.000002570030 0.000000224568 -20.901026020084 3.274568783972 2.070745846872 0.388152773601 -3.895904481692 2.609775521546 2.099225757028 0.419569051203 -187557.122705914313 14916.391253366373 -194.045095596692 8.816186603750 0.494692987682
UL    3     6571.0 -0.002609700327 0.002338226257 0.000000715288 0.000000201768 -15.768730357525 2.950600355109 1.492820036547 0.349823968046 7.589793479318 2.329494183371 0.262099987617 0.378363409880 -186393.911664003361 13313.085055742706 32.072819605571 7.921500580797 0.449166989505
UL    3     6576.8 0.026475962385 0.003406104517 -0.000000670419 0.000000293916 -15.996796772452 4.298156614226 1.874306754274 0.509590594997 15.719729651122 3.393381124891 -0.254260604186 0.551162816941 -227637.821665635274 19393.212825799812 -96.357506716986 11.539275711690 0.654304069781
UL    3     6706.9 -0.022817628005 0.002532913847 0.000002992828 0.000000218568 -32.386946506426 3.196277796644 3.831881865310 0.378951550229 15.274888760103 2.523456096890 -1.886360401883 0.409867196406 -229025.097097597958 14421.579968206401 100.825622661755 8.581066877709 0.486566428138
UL    3     6728.5 -0.023949865083 0.002292655906 0.000003039100 0.000000197836 -24.819844252361 2.893097992142 2.857432950798 0.343006481852 7.670998070375 2.284098850378 0.132503529152 0.370989912893 -178557.090833324764 13053.649447945698 91.153717440934 7.767113186750 0.440413397901
UL    3     7716.4 -0.054900684252 0.006247582635 0.000007558202 0.000000540034 -60.823290647814 7.684850983774 7.628267202659 0.910434335484 -7.939516518347 6.252971999099 -13.883049624535 0.975173152711 -196418.437911597837 35726.244808505093 185.806419939725 20.989293791090 1.139580837067
UL    3     7725.3 0.022337208763 0.004834016313 0.000000042968 0.000000417132 -65.124690711747 6.100038773085 8.032875425557 0.723222213571 31.779211309398 4.815977807797 -10.528754253207 0.782225263271 -361572.354320505750 27523.365509571486 0.963892235189 16.376839702011 0.928604354123
UL    3     7744.8 -0.174916669790 0.004479378452 0.000015398931 0.000000386530 -162.883603462795 5.652516485236 19.326026185927 0.670163865534 -72.815665254853 4.462647906518 -12.655335226670 0.724836925760 166719.690311579383 25504.083001383471 839.717914302517 15.175338689941 0.860476674586
UL    3     7782.7 0.043555699446 0.004670462751 -0.000001493184 0.000000403391 23.522562949996 5.817095661921 -4.135642416262 0.689282110595 29.620516013729 4.702184432190 -3.138350236269 0.745583215001 -391449.899863312836 26870.264767079458 -224.301908100648 15.707708377438 0.868134634490
UL    3     7810.0 -0.051535159986 0.002721536011 0.000005491512 0.000000234844 -32.841656436907 3.434302248480 3.839575435830 0.407171783377 1.397256585101 2.711377448930 -2.883345071030 0.440389583645 -182324.945542035333 15495.548825000364 185.310050715790 9.220078480757 0.522800673766
UL    3     7834.3 0.068395395927 0.004430699792 -0.000003381037 0.000000382950 1.984198825025 5.522615608584 -1.748362226583 0.654006008289 32.929022708679 4.537859920750 -4.894709053459 0.704299202220 -438566.373916782206 25920.469162415724 -256.256184060412 14.923840907018 0.807567216697
#V     1     4876.8 0.290815861157 0.005581388219 -0.000021993711 0.000000481624 -17.314205801343 7.043142219029 1.939232147090 0.835036821638 33.812073549689 5.560550427951 -9.681861606795 0.903160955169 -342457.916461552668 31778.609096719098 -907.026366774036 18.908779285802 1.072170124221
#V     1     4882.8 0.158445488088 0.006650812397 -0.000009190554 0.000000576567 -32.317365396343 7.917214205548 3.859706381868 0.937013990125 -21.962150400548 6.665053018396 -7.635835042631 0.997951442405 -133316.343756921677 38032.038381053972 -541.510442064708 22.083334369376 1.131504482694
#V     1     5672.4 0.274730052345 0.003491903207 -0.000021700074 0.000000301320 -16.775037306541 4.406445976247 1.969606527172 0.522429430794 105.117741781305 3.478864579433 -12.994451748898 0.565048043963 -706231.642872139346 19881.749431787102 -827.552759334392 11.829996695427 0.670785991914
#V     1     5705.1 0.222877449383 0.002596155132 -0.000016876757 0.000000224025 -28.859038882881 3.276084299923 3.446953937044 0.388413440392 88.167540128269 2.586461622048 -15.379359163660 0.420101006070 -644231.965564244078 14781.656953886617 -664.018871786021 8.795320024736 0.498714908583
#V     1     5729.2 0.207240194159 0.004437368669 -0.000016612588 0.000000382905 -6.526841846014 5.599503995041 0.771253904252 0.663878802061 85.461673344056 4.420788708007 -8.385515749110 0.718038353967 -551344.845325898961 25264.856201192761 -629.392735424477 15.032921162295 0.852404634950
Y     2     4856.2 0.015915758243 0.003779700149 -0.000001240774 0.000000326154 72.048651721808 4.769597036086 -7.934648208130 0.565484693837 42.940492764541 3.765587840516 6.192641083869 0.611618062717 -377423.812823195767 21520.376693912753 -214.203909390465 12.804965245120 0.726070869479
Y     2     4885.0 -0.028570364670 0.005805248145 0.000002344518 0.000000500941 132.308412374356 7.325636709247 -14.840443345280 0.868529455139 6.191791037673 5.783572825155 5.868423685005 0.939385524656 -156468.639554610883 33053.184493650529 -208.793367702819 19.667180893537 1.115174278702
Zn    1     4723.4 -0.177259844512 0.003336708636 0.000015903252 0.000000287928 -76.152249716338 4.210584514703 9.799378596457 0.499208031841 -32.615009281764 3.324249732407 -5.948136201676 0.539934393656 68236.765908056928 18998.124992756388 638.897972698767 11.304189317254 0.640972857438
Zn    1     4811.8 -0.177352501542 0.003187635027 0.000015691781 0.000000275064 -49.792314721635 4.022471810901 6.463469182376 0.476905324401 -48.611534705589 3.175730913798 -4.906658512298 0.515811939681 169743.519506647659 18149.338707227576 594.111299958005 10.799150035989 0.612336084706
