#elem  ion  wave                  correction(aperture/stacked)
La     2    4717.759567724955     1.0
Mg     1    4731.351766619823     1.0006840803151362
Fe     1    4734.916110486742     1.0140957431674784
Mn     1    4740.415566878147     1.02035516832404
Fe     1    4742.8552129917925    1.0163566227102236
Fe     1    4747.1273444713015    1.0194237472178658
Ti     1    4759.448408090701     1.0453496052055078
Ti     1    4760.600613316287     1.0418140952818997
Mn     1    4762.837505895204     1.0263232138418525
Ti     2    4765.857005824366     1.0148183470052687
Fe     1    4780.775258460967     1.018837763945905
V      1    4785.804091043368     1.0
Fe     1    4789.165481822721     1.0319421808979312
Fe     1    4790.095328242028     1.0176634522825063
Cr     1    4790.673881566418     0.9749533032839984
Ti     2    4799.872619512944     1.008326153841116
Cr     1    4802.366680566258     0.9759704155551889
Fe     1    4804.222172380227     1.0100438635520799
Fe     1    4809.491669170637     0.9850708042153271
Zn     1    4811.881502677758     1.0252022506368077
Ti     1    4821.756520598129     1.018710007217418
Ni     1    4832.529977081299     1.0192343709381972
Sm     2    4838.011430590429     1.0
Ti     1    4842.232549968105     1.0162008586452504
Fe     1    4845.367381317484     1.0095464266181715
Cr     2    4849.590501330725     1.0182837845603734
Ti     2    4850.522548526964     0.9966918044297998
Y      2    4856.217358959939     1.0062341710903895
Ti     2    4866.969511046126     1.026532619603217
Ni     1    4867.629286068777     1.022194158991009
Ti     2    4875.370739800553     0.9977694530093832
Fe     1    4877.238835417714     0.9976690761934041
Fe     1    4883.50749861639      1.0039536130918219
Y      2    4885.046006832402     1.0139749465826222
Cr     2    4885.974153103399     1.0004817999942142
Fe     1    4892.120884126167     1.012849491480168
Fe     1    4892.858079747847     1.015256951491234
Fe     1    5653.03740205537      1.0
Fe     1    5653.886328981642     1.0
Sc     2    5659.466220575779     1.0015404340099914
Fe     1    5664.0875559795395    0.9943724705809712
Si     1    5667.126768463639     1.01700795641451
Sc     2    5668.721694848641     0.9736909396279899
Fe     1    5669.090793523595     0.9990901848536184
Sc     2    5670.628204538431     1.0150345368138929
Fe     1    5680.598770204794     1.012361115169711
Na     1    5684.210135764635     1.0030446531248858
Na     1    5689.783325901822     1.0136227465711831
Si     1    5692.003919652215     1.014586461612473
Fe     1    5703.126093684245     1.0026640749792408
Mg     1    5712.67244653875      1.0173453380001367
Fe     1    5733.351777140469     1.009674866617117
Mo     1    5753.003233598317     1.0
Fe     1    5754.725694364557     1.0070459996559984
Ni     1    5756.266106436666     1.015053249799259
Si     1    5773.7487834999965    1.02060231742741
Fe     1    5776.682068284723     1.0193877479015805
Cr     1    5785.46991952334      1.021520036159273
Cr     1    5789.524004264603     1.0156940077049654
Si     1    5794.678983613339     1.0232595360318264
Fe     1    5808.334937855258     1.018951910845466
Fe     1    5810.828105047002     1.0197128648701321
Fe     1    5853.842217745841     1.026253328330226
Ca     1    5859.074618420989     1.0167596470053932
Fe     1    5861.214191182892     1.0162819843137998
Fe     1    5863.984932920292     1.0186080259712769
Ti     1    5868.077328493994     1.0
Ca     1    5869.1883259238175    1.0
Ca     1    5869.196328066112     1.0
Fe     1    6483.660928685685     1.0
Ca     1    6495.575329443239     1.013541113271398
Fe     1    6496.775051753972     1.0104375975591902
Fe     1    6500.734015360068     1.0082696508460967
Fe     2    6517.876921161999     1.018651012833363
Fe     1    6520.16663637006      1.00840470265817
Fe     1    6548.046527753324     1.0192582445241478
Ni     1    6588.128999672801     1.0217823346265573
Fe     1    6594.73337474588      1.0158996573966292
Fe     1    6595.690732061377     1.0210823642364686
Fe     1    6599.381424044337     1.0223290988999552
Sc     2    6606.425117291336     1.0215036858313689
Fe     1    6610.935029524423     1.0121684691093922
Fe     1    6629.374086067407     1.0220560899749822
Ni     1    6645.484617017192     1.0186335172462089
Fe     1    6679.82895072668      1.0187125402971673
Al     1    6697.87170219246      1.0171982285574819
Al     1    6700.522414966865     1.001847674309504
Fe     1    6705.416731065437     1.017321645238935
Cr     1    6723.703748749681     1.0176881066614714
Fe     1    6727.2123923259205    1.0
Fe     1    6735.0089891072275    1.0
Si     1    7682.383915272238     1.0037794396408555
Mg     1    7693.666959557328     1.0046154662541666
K      1    7701.083260605108     1.0049837527069385
Fe     1    7712.487037622347     1.005636944194076
Fe     2    7713.842803447365     1.0058634633242742
Ni     1    7717.714448136995     1.0062696547932233
Fe     1    7750.401268486927     0.9957487904307852
Ni     1    7751.022436112898     0.9923760166034677
Fe     1    7753.243035357763     1.0088295501320286
O      1    7774.082659254023     1.010528070249394
O      1    7776.305259075406     1.0114057249255357
O      1    7777.52758895167      1.0110729143813098
Ni     1    7791.07324465637      1.010338632057482
Ni     1    7799.72557981853      1.0094850176761883
Rb     1    7802.205249061444     1.011482509848587
Al     1    7837.464765789455     1.0088660002765162
Al     1    7838.289988531767     1.0101279044549423
Si     1    7852.143727973151     1.014001589917577
UL     3    4723.47               1.021068501242492
UL     3    4745.74               1.0186664107440324
UL     3    4749.47               1.022592852156123
UL     3    4765.26               1.0076155792534078
UL     3    4774.16               1.0141866046786177
UL     3    4791.0                0.990760474083164
UL     3    4808.33               1.0224599613784022
UL     3    4814.84               0.9954557971981451
UL     3    4819.16               1.0140493017007597
UL     3    4825.5                1.0114268480432627
UL     3    4830.74               0.9856434365897091
UL     3    4834.09               1.0121109875781649
UL     3    4840.91               1.010271297611223
UL     3    4849.61               1.0182836811952467
UL     3    4852.85               1.0231483095575136
UL     3    5655.46               1.0
UL     3    5677.0                1.0129939772330394
UL     3    5693.09               1.0157669018931959
UL     3    5695.25               1.0144132227873859
UL     3    5707.59               1.0134299580824402
UL     3    5708.68               1.0130614663169701
UL     3    5716.69               1.014822633332528
UL     3    5719.45               1.0146335505971273
UL     3    5753.66               1.0196688504614888
UL     3    5792.62               1.0211008147058391
UL     3    6501.47               1.0122243308701837
UL     3    6571.05               1.0139508033102647
UL     3    6576.88               1.0247022153138856
UL     3    6706.96               1.0155658713425437
UL     3    6728.57               1.0
UL     3    7716.42               1.0062152248226848
UL     3    7725.34               1.0027273351143238
UL     3    7729.78               1.006619357897487
UL     3    7744.87               1.0089386879724904
UL     3    7782.75               1.0112414162375678
UL     3    7810.04               1.0108978673999978
UL     3    7834.36               1.0119012131354963
