#elem  ion  wave                  correction(aperture/stacked)
La     2    4717.759567724955     1.0
Mg     1    4731.351766619823     1.0005330589600543
Fe     1    4734.916110486742     1.0148048112301316
Mn     1    4740.415566878147     1.0212852149708718
Fe     1    4742.8552129917925    1.0170671338423527
Fe     1    4747.1273444713015    1.020168495766892
Ti     1    4759.448408090701     1.0466968168439612
Ti     1    4760.600613316287     1.0429890941674995
Mn     1    4762.837505895204     1.0270311036971558
Ti     2    4765.857005824366     1.0153564208142252
Fe     1    4780.775258460967     1.0192104902427388
V      1    4785.804091043368     1.0
Fe     1    4789.165481822721     1.032664087079276
Fe     1    4790.095328242028     1.018080813373742
Cr     1    4790.673881566418     0.9740462396952448
Ti     2    4799.872619512944     1.008496873761206
Cr     1    4802.366680566258     0.9752151494574477
Fe     1    4804.222172380227     1.010535036844806
Fe     1    4809.491669170637     0.9845837669932258
Zn     1    4811.881502677758     1.0257783377291378
Ti     1    4821.756520598129     1.0192388484317725
Ni     1    4832.529977081299     1.0199319846734307
Sm     2    4838.011430590429     1.0
Ti     1    4842.232549968105     1.0167724204826702
Fe     1    4845.367381317484     1.009796994406956
Cr     2    4849.590501330725     1.019070332557184
Ti     2    4850.522548526964     0.9962588682184884
Y      2    4856.217358959939     1.0064893517878146
Ti     2    4866.969511046126     1.027715364037182
Ni     1    4867.629286068777     1.0231731255895695
Ti     2    4875.370739800553     0.9973579025980992
Fe     1    4877.238835417714     0.9974047392979303
Fe     1    4883.50749861639      1.0041271790321795
Y      2    4885.046006832402     1.0149744241131529
Cr     2    4885.974153103399     1.001206673004117
Fe     1    4892.120884126167     1.0134955762625641
Fe     1    4892.858079747847     1.0160673265657434
Fe     1    5653.03740205537      1.0
Fe     1    5653.886328981642     1.0
Sc     2    5659.466220575779     1.001520052598834
Fe     1    5664.0875559795395    0.9936952471341477
Si     1    5667.126768463639     1.0181604084102724
Sc     2    5668.721694848641     0.9712651752177235
Fe     1    5669.090793523595     0.9987579210881833
Sc     2    5670.628204538431     1.016129470825948
Fe     1    5680.598770204794     1.0133980794618422
Na     1    5684.210135764635     1.0031298326921696
Na     1    5689.783325901822     1.0146568618610448
Si     1    5692.003919652215     1.015645649539502
Fe     1    5703.126093684245     1.0026301649136262
Mg     1    5712.67244653875      1.0184212290604613
Fe     1    5733.351777140469     1.0099996397698665
Mo     1    5753.003233598317     1.0
Fe     1    5754.725694364557     1.0071658219181516
Ni     1    5756.266106436666     1.0154266081063628
Si     1    5773.7487834999965    1.021056794315769
Fe     1    5776.682068284723     1.0197309156482866
Cr     1    5785.46991952334      1.021916646983543
Cr     1    5789.524004264603     1.0159593131605837
Si     1    5794.678983613339     1.0237513206037068
Fe     1    5808.334937855258     1.0192784083173987
Fe     1    5810.828105047002     1.0200760475846697
Fe     1    5853.842217745841     1.0272663052813598
Ca     1    5859.074618420989     1.0176105414049907
Fe     1    5861.214191182892     1.0169946045729543
Fe     1    5863.984932920292     1.0195886342170595
Ti     1    5868.077328493994     1.0
Ca     1    5869.1883259238175    1.0
Ca     1    5869.196328066112     1.0
Fe     1    6483.660928685685     1.0
Ca     1    6495.575329443239     1.0146418962965909
Fe     1    6496.775051753972     1.0112535042145971
Fe     1    6500.734015360068     1.0089707764662603
Fe     2    6517.876921161999     1.019746752209172
Fe     1    6520.16663637006      1.0087422544533537
Fe     1    6548.046527753324     1.0198890302849504
Ni     1    6588.128999672801     1.0224172399684182
Fe     1    6594.73337474588      1.0162460329533867
Fe     1    6595.690732061377     1.0216139198760648
Fe     1    6599.381424044337     1.0228558204118214
Sc     2    6606.425117291336     1.021974697608866
Fe     1    6610.935029524423     1.0123607244344583
Fe     1    6629.374086067407     1.0226176144110788
Ni     1    6645.484617017192     1.0191977723899237
Fe     1    6679.82895072668      1.019668368462778
Al     1    6697.87170219246      1.0183122124219304
Al     1    6700.522414966865     1.0016383079067344
Fe     1    6705.416731065437     1.0182502970206493
Cr     1    6723.703748749681     1.018727916856564
Fe     1    6727.2123923259205    1.0
Fe     1    6735.0089891072275    1.0
Si     1    7682.383915272238     1.0046171515470965
Mg     1    7693.666959557328     1.0054530349761848
K      1    7701.083260605108     1.0057645538082574
Fe     1    7712.487037622347     1.0063350555876571
Fe     2    7713.842803447365     1.0065708954317607
Ni     1    7717.714448136995     1.006978142099094
Fe     1    7750.401268486927     0.9953609150485794
Ni     1    7751.022436112898     0.9917476314734256
Fe     1    7753.243035357763     1.0093505227248556
O      1    7774.082659254023     1.0111103766969727
O      1    7776.305259075406     1.0120311379100948
O      1    7777.52758895167      1.01168942123375
Ni     1    7791.07324465637      1.0107660509425869
Ni     1    7799.72557981853      1.0098523013183212
Rb     1    7802.205249061444     1.0119846953387808
Al     1    7837.464765789455     1.0093942919152186
Al     1    7838.289988531767     1.0106108972581687
Si     1    7852.143727973151     1.0146238063386268
UL     3    4723.47               1.0224312963499929
UL     3    4745.74               1.019424160549505
UL     3    4749.47               1.02347786442244
UL     3    4765.26               1.0077774128367527
UL     3    4774.16               1.0144287639223395
UL     3    4791.0                0.9903049442730484
UL     3    4808.33               1.0229182179862646
UL     3    4814.84               0.9951634770578035
UL     3    4819.16               1.014429209088145
UL     3    4825.5                1.0117286792998346
UL     3    4830.74               0.9848650568056961
UL     3    4834.09               1.012478330945392
UL     3    4840.91               1.0105316951912433
UL     3    4849.61               1.0190702257935143
UL     3    4852.85               1.0244454898428221
UL     3    5655.46               1.0
UL     3    5677.0                1.0140918542366135
UL     3    5693.09               1.0169548629004215
UL     3    5695.25               1.015357996249803
UL     3    5707.59               1.014358180938255
UL     3    5708.68               1.0138345144136567
UL     3    5716.69               1.0156116622263274
UL     3    5719.45               1.0153884490650282
UL     3    5753.66               1.0201794288023778
UL     3    5792.62               1.0215238888198266
UL     3    6501.47               1.0131573166653347
UL     3    6571.05               1.014281083160466
UL     3    6576.88               1.0253255538163337
UL     3    6706.96               1.0164193868751958
UL     3    6728.57               1.0
UL     3    7716.42               1.0069550905724955
UL     3    7725.34               1.0029635855314438
UL     3    7729.78               1.0072026384659052
UL     3    7744.87               1.0095923549298118
UL     3    7782.75               1.0117503683755673
UL     3    7810.04               1.011308962300567
UL     3    7834.36               1.0123931734809686
