#elem  ion  wave                  correction(aperture/stacked)
La     2    4717.759567724955     1.0
Mg     1    4731.351766619823     1.0005630898243028
Fe     1    4734.916110486742     1.0147385945517584
Mn     1    4740.415566878147     1.021313161749379
Fe     1    4742.8552129917925    1.01712472666322
Fe     1    4747.1273444713015    1.0202847554913357
Ti     1    4759.448408090701     1.0470508754301282
Ti     1    4760.600613316287     1.0432967601539889
Mn     1    4762.837505895204     1.0272186470314806
Ti     2    4765.857005824366     1.0155160733402493
Fe     1    4780.775258460967     1.0192247040282236
V      1    4785.804091043368     1.0
Fe     1    4789.165481822721     1.0324797531369425
Fe     1    4790.095328242028     1.0179588781897357
Cr     1    4790.673881566418     0.9743370286317843
Ti     2    4799.872619512944     1.0083653593723505
Cr     1    4802.366680566258     0.9758782932251797
Fe     1    4804.222172380227     1.0100582298958543
Fe     1    4809.491669170637     0.9851815467021141
Zn     1    4811.881502677758     1.0250062794152017
Ti     1    4821.756520598129     1.0183285945473768
Ni     1    4832.529977081299     1.0185830088717938
Sm     2    4838.011430590429     1.0
Ti     1    4842.232549968105     1.0157055210637114
Fe     1    4845.367381317484     1.0093389087111702
Cr     2    4849.590501330725     1.0176826708990656
Ti     2    4850.522548526964     0.997014279464276
Y      2    4856.217358959939     1.0060727190470458
Ti     2    4866.969511046126     1.0260599869265659
Ni     1    4867.629286068777     1.021822886203133
Ti     2    4875.370739800553     0.9977972487235038
Fe     1    4877.238835417714     0.9976725367445239
Fe     1    4883.50749861639      1.0039842788323095
Y      2    4885.046006832402     1.014211271023324
Cr     2    4885.974153103399     1.0006751411151809
Fe     1    4892.120884126167     1.0131389003531257
Fe     1    4892.858079747847     1.015640247226457
Fe     1    5653.03740205537      1.0
Fe     1    5653.886328981642     1.0
Sc     2    5659.466220575779     1.0015264260900805
Fe     1    5664.0875559795395    0.9938558087397481
Si     1    5667.126768463639     1.0179097134213715
Sc     2    5668.721694848641     0.9718138483596278
Fe     1    5669.090793523595     0.9988397725827882
Sc     2    5670.628204538431     1.0158951263847091
Fe     1    5680.598770204794     1.013173575477281
Na     1    5684.210135764635     1.003106305400234
Na     1    5689.783325901822     1.0144479208620674
Si     1    5692.003919652215     1.015453943911292
Fe     1    5703.126093684245     1.0026406602281908
Mg     1    5712.67244653875      1.018272561024228
Fe     1    5733.351777140469     1.0099701560607273
Mo     1    5753.003233598317     1.0
Fe     1    5754.725694364557     1.0071574484058246
Ni     1    5756.266106436666     1.0153996354735633
Si     1    5773.7487834999965    1.02100423070054
Fe     1    5776.682068284723     1.0196850631796766
Cr     1    5785.46991952334      1.0218427567421786
Cr     1    5789.524004264603     1.0159063850376382
Si     1    5794.678983613339     1.0236314677029632
Fe     1    5808.334937855258     1.0191636982506869
Fe     1    5810.828105047002     1.0199417943894893
Fe     1    5853.842217745841     1.0266998558574172
Ca     1    5859.074618420989     1.0171027755097712
Fe     1    5861.214191182892     1.016583771408457
Fe     1    5863.984932920292     1.019012366114858
Ti     1    5868.077328493994     1.0
Ca     1    5869.1883259238175    1.0
Ca     1    5869.196328066112     1.0
Fe     1    6483.660928685685     1.0
Ca     1    6495.575329443239     1.0142675011036786
Fe     1    6496.775051753972     1.010981461240717
Fe     1    6500.734015360068     1.0087490457390798
Fe     2    6517.876921161999     1.0195169106216382
Fe     1    6520.16663637006      1.008679432532088
Fe     1    6548.046527753324     1.0198777110132264
Ni     1    6588.128999672801     1.022481603813643
Fe     1    6594.73337474588      1.0162770210826892
Fe     1    6595.690732061377     1.0216610442222727
Fe     1    6599.381424044337     1.0228980210409195
Sc     2    6606.425117291336     1.0219982245005708
Fe     1    6610.935029524423     1.0123656846391462
Fe     1    6629.374086067407     1.022553443535139
Ni     1    6645.484617017192     1.0190957170197292
Fe     1    6679.82895072668      1.0193504387643537
Al     1    6697.87170219246      1.0178901191463714
Al     1    6700.522414966865     1.0017302453231653
Fe     1    6705.416731065437     1.0178960049363963
Cr     1    6723.703748749681     1.0183094392320908
Fe     1    6727.2123923259205    1.0
Fe     1    6735.0089891072275    1.0
Si     1    7682.383915272238     1.0046457748348208
Mg     1    7693.666959557328     1.005494718357665
K      1    7701.083260605108     1.0058100338807807
Fe     1    7712.487037622347     1.0063868209511855
Fe     2    7713.842803447365     1.0066244574054255
Ni     1    7717.714448136995     1.007035067379917
Fe     1    7750.401268486927     0.9953213947882377
Ni     1    7751.022436112898     0.9916840062037601
Fe     1    7753.243035357763     1.0094192019304138
O      1    7774.082659254023     1.0111544596390922
O      1    7776.305259075406     1.0120761866188546
O      1    7777.52758895167      1.011732449851196
Ni     1    7791.07324465637      1.0107828298881885
Ni     1    7799.72557981853      1.009859064817746
Rb     1    7802.205249061444     1.0119905995665264
Al     1    7837.464765789455     1.0093545487802007
Al     1    7838.289988531767     1.0105739133895577
Si     1    7852.143727973151     1.0145635644881528
UL     3    4723.47               1.0218697245412804
UL     3    4745.74               1.0195246931537336
UL     3    4749.47               1.0236492739833873
UL     3    4765.26               1.0078281739190478
UL     3    4774.16               1.0144740490634674
UL     3    4791.0                0.9904573631838284
UL     3    4808.33               1.022380958692324
UL     3    4814.84               0.9955875449222007
UL     3    4819.16               1.0138077305822992
UL     3    4825.5                1.0111785594860778
UL     3    4830.74               0.9863145814290494
UL     3    4834.09               1.011746490115875
UL     3    4840.91               1.0099919857202388
UL     3    4849.61               1.0176825702625663
UL     3    4852.85               1.0222559825532644
UL     3    5655.46               1.0
UL     3    5677.0                1.0138502304841153
UL     3    5693.09               1.016740872648634
UL     3    5695.25               1.0151961046061613
UL     3    5707.59               1.014215760063923
UL     3    5708.68               1.0137191810715183
UL     3    5716.69               1.0155114414729918
UL     3    5719.45               1.0152973318735667
UL     3    5753.66               1.020143417885207
UL     3    5792.62               1.0214275193640197
UL     3    6501.47               1.0128620420957726
UL     3    6571.05               1.0143107623884602
UL     3    6576.88               1.0253919241378755
UL     3    6706.96               1.016091419831673
UL     3    6728.57               1.0
UL     3    7716.42               1.0070134804835653
UL     3    7725.34               1.0029830822788337
UL     3    7729.78               1.007256398436509
UL     3    7744.87               1.0096565024019182
UL     3    7782.75               1.011781148646286
UL     3    7810.04               1.01130508353736
UL     3    7834.36               1.0123592650477786
