#elem  ion  wave                  correction(aperture/stacked)
La     2    4717.759567724955     1.0
Mg     1    4731.351766619823     1.000665158362658
Fe     1    4734.916110486742     1.0141922267791579
Mn     1    4740.415566878147     1.0204912713743728
Fe     1    4742.8552129917925    1.016461068198159
Fe     1    4747.1273444713015    1.0195317629167744
Ti     1    4759.448408090701     1.0454910530917563
Ti     1    4760.600613316287     1.0419296517367693
Mn     1    4762.837505895204     1.0263848947224576
Ti     2    4765.857005824366     1.014847916038824
Fe     1    4780.775258460967     1.0188075070366134
V      1    4785.804091043368     1.0
Fe     1    4789.165481822721     1.031793969353298
Fe     1    4790.095328242028     1.0175713216245559
Cr     1    4790.673881566418     0.975159079547952
Ti     2    4799.872619512944     1.0082646256561207
Cr     1    4802.366680566258     0.9762944701879334
Fe     1    4804.222172380227     1.009830349774972
Fe     1    4809.491669170637     0.9853335044094618
Zn     1    4811.881502677758     1.0248682963782518
Ti     1    4821.756520598129     1.0183409410824964
Ni     1    4832.529977081299     1.0187225013010845
Sm     2    4838.011430590429     1.0
Ti     1    4842.232549968105     1.0157967723306285
Fe     1    4845.367381317484     1.009373169388209
Cr     2    4849.590501330725     1.0177507607091563
Ti     2    4850.522548526964     0.9969831079091643
Y      2    4856.217358959939     1.0060684752652616
Ti     2    4866.969511046126     1.0257660741867813
Ni     1    4867.629286068777     1.0215656947705565
Ti     2    4875.370739800553     0.9979638828726596
Fe     1    4877.238835417714     0.9977941530667661
Fe     1    4883.50749861639      1.0038806952588906
Y      2    4885.046006832402     1.0135388264653784
Cr     2    4885.974153103399     1.0001740616109385
Fe     1    4892.120884126167     1.0126063726566732
Fe     1    4892.858079747847     1.0149565530080948
Fe     1    5653.03740205537      1.0
Fe     1    5653.886328981642     1.0
Sc     2    5659.466220575779     1.001534801792786
Fe     1    5664.0875559795395    0.9945448191065303
Si     1    5667.126768463639     1.0167037808546338
Sc     2    5668.721694848641     0.9743296199726162
Fe     1    5669.090793523595     0.9991752161111098
Sc     2    5670.628204538431     1.0147398408512356
Fe     1    5680.598770204794     1.0120601917561811
Na     1    5684.210135764635     1.003017081814057
Na     1    5689.783325901822     1.01330388991235
Si     1    5692.003919652215     1.014254562436948
Fe     1    5703.126093684245     1.0026707371452548
Mg     1    5712.67244653875      1.016962606601522
Fe     1    5733.351777140469     1.0095319111505865
Mo     1    5753.003233598317     1.0
Fe     1    5754.725694364557     1.0069977948985402
Ni     1    5756.266106436666     1.0149074013076045
Si     1    5773.7487834999965    1.020447172380363
Fe     1    5776.682068284723     1.0192526770464079
Cr     1    5785.46991952334      1.0213964065521348
Cr     1    5789.524004264603     1.0156187442341886
Si     1    5794.678983613339     1.023127139301666
Fe     1    5808.334937855258     1.0188598875418489
Fe     1    5810.828105047002     1.0196151571303054
Fe     1    5853.842217745841     1.0261149796707367
Ca     1    5859.074618420989     1.0166510705926832
Fe     1    5861.214191182892     1.0161921403327208
Fe     1    5863.984932920292     1.0184902429608695
Ti     1    5868.077328493994     1.0
Ca     1    5869.1883259238175    1.0
Ca     1    5869.196328066112     1.0
Fe     1    6483.660928685685     1.0
Ca     1    6495.575329443239     1.0137987802899324
Fe     1    6496.775051753972     1.0106298255037691
Fe     1    6500.734015360068     1.00843568270927
Fe     2    6517.876921161999     1.0189097069740036
Fe     1    6520.16663637006      1.008496576182212
Fe     1    6548.046527753324     1.0193775122736164
Ni     1    6588.128999672801     1.0217874266378653
Fe     1    6594.73337474588      1.0158917372203529
Fe     1    6595.690732061377     1.021067671406199
Fe     1    6599.381424044337     1.022305143608768
Sc     2    6606.425117291336     1.021468437787035
Fe     1    6610.935029524423     1.0121511659501845
Fe     1    6629.374086067407     1.0219781483710413
Ni     1    6645.484617017192     1.0185461976729402
Fe     1    6679.82895072668      1.018580013987543
Al     1    6697.87170219246      1.017063369970111
Al     1    6700.522414966865     1.001870812189411
Fe     1    6705.416731065437     1.0172143189318332
Cr     1    6723.703748749681     1.017578103978441
Fe     1    6727.2123923259205    1.0
Fe     1    6735.0089891072275    1.0
Si     1    7682.383915272238     1.0036638236390276
Mg     1    7693.666959557328     1.0045198528260773
K      1    7701.083260605108     1.0049132950216157
Fe     1    7712.487037622347     1.0055522855705543
Fe     2    7713.842803447365     1.0057890876852624
Ni     1    7717.714448136995     1.0061870228580274
Fe     1    7750.401268486927     0.9958747251068091
Ni     1    7751.022436112898     0.9925846467643136
Fe     1    7753.243035357763     1.0086420953313349
O      1    7774.082659254023     1.0102176351603764
O      1    7776.305259075406     1.0110614835638445
O      1    7777.52758895167      1.010728143667077
Ni     1    7791.07324465637      1.0100690154734335
Ni     1    7799.72557981853      1.0092218930469732
Rb     1    7802.205249061444     1.0111339185983528
Al     1    7837.464765789455     1.0085851005381312
Al     1    7838.289988531767     1.009872986800986
Si     1    7852.143727973151     1.013750088962642
UL     3    4723.47               1.0212249414347472
UL     3    4745.74               1.0187771470446296
UL     3    4749.47               1.0227179123705188
UL     3    4765.26               1.0076226499828043
UL     3    4774.16               1.0141862458344653
UL     3    4791.0                0.9908654228851598
UL     3    4808.33               1.0222175189439655
UL     3    4814.84               0.9956301958216951
UL     3    4819.16               1.013794008862451
UL     3    4825.5                1.0112068553659554
UL     3    4830.74               0.9861995412001254
UL     3    4834.09               1.0118122800812175
UL     3    4840.91               1.0100398676756632
UL     3    4849.61               1.0177506597591732
UL     3    4852.85               1.0223075652428975
UL     3    5655.46               1.0
UL     3    5677.0                1.012684697552127
UL     3    5693.09               1.0153931386801733
UL     3    5695.25               1.0141089341320866
UL     3    5707.59               1.013093322210674
UL     3    5708.68               1.0127700152239467
UL     3    5716.69               1.0145350468284635
UL     3    5719.45               1.0143560612707871
UL     3    5753.66               1.0194500879592667
UL     3    5792.62               1.0209838981547732
UL     3    6501.47               1.0124446694100966
UL     3    6571.05               1.0139927597954261
UL     3    6576.88               1.0247444745437773
UL     3    6706.96               1.0154683614585986
UL     3    6728.57               1.0
UL     3    7716.42               1.006132145249203
UL     3    7725.34               1.0026929803868396
UL     3    7729.78               1.0065035554063018
UL     3    7744.87               1.0087560999668328
UL     3    7782.75               1.010919490192349
UL     3    7810.04               1.0106212023522025
UL     3    7834.36               1.0116157650772197
