#elem  ion  wave                  correction(aperture/stacked)
La     2    4717.759567724955     1.0
Mg     1    4731.351766619823     1.0006354382817675
Fe     1    4734.916110486742     1.0143231059868414
Mn     1    4740.415566878147     1.0206531105272167
Fe     1    4742.8552129917925    1.0165815504578912
Fe     1    4747.1273444713015    1.0196564295497599
Ti     1    4759.448408090701     1.0457556965334773
Ti     1    4760.600613316287     1.042167217883254
Mn     1    4762.837505895204     1.0265927196319393
Ti     2    4765.857005824366     1.014983041883602
Fe     1    4780.775258460967     1.0189966365799485
V      1    4785.804091043368     1.0
Fe     1    4789.165481822721     1.032303612866822
Fe     1    4790.095328242028     1.017876450704212
Cr     1    4790.673881566418     0.974487991534299
Ti     2    4799.872619512944     1.0084362532522848
Cr     1    4802.366680566258     0.9754944183856469
Fe     1    4804.222172380227     1.0103448822837988
Fe     1    4809.491669170637     0.9847307666404856
Zn     1    4811.881502677758     1.0256157546010558
Ti     1    4821.756520598129     1.0191165227851817
Ni     1    4832.529977081299     1.0197713312077925
Sm     2    4838.011430590429     1.0
Ti     1    4842.232549968105     1.0166292380284856
Fe     1    4845.367381317484     1.0097354419683817
Cr     2    4849.590501330725     1.0188347598321594
Ti     2    4850.522548526964     0.996406799584882
Y      2    4856.217358959939     1.0064013394083124
Ti     2    4866.969511046126     1.0271788587049415
Ni     1    4867.629286068777     1.0227238877420075
Ti     2    4875.370739800553     0.9975825551794545
Fe     1    4877.238835417714     0.9975522329727996
Fe     1    4883.50749861639      1.0040169224984092
Y      2    4885.046006832402     1.0143501056271047
Cr     2    4885.974153103399     1.0007456358216626
Fe     1    4892.120884126167     1.0130422791236866
Fe     1    4892.858079747847     1.0154927455991545
Fe     1    5653.03740205537      1.0
Fe     1    5653.886328981642     1.0
Sc     2    5659.466220575779     1.00153703428851
Fe     1    5664.0875559795395    0.9942012249045153
Si     1    5667.126768463639     1.0173037920253127
Sc     2    5668.721694848641     0.9730609231902566
Fe     1    5669.090793523595     0.9990037343177383
Sc     2    5670.628204538431     1.0153215625010368
Fe     1    5680.598770204794     1.0126549168168923
Na     1    5684.210135764635     1.003069412472166
Na     1    5689.783325901822     1.0139378886409498
Si     1    5692.003919652215     1.0149148940619919
Fe     1    5703.126093684245     1.0026658994224902
Mg     1    5712.67244653875      1.0177429227857921
Fe     1    5733.351777140469     1.009815086553279
Mo     1    5753.003233598317     1.0
Fe     1    5754.725694364557     1.007099007206229
Ni     1    5756.266106436666     1.0152156856039796
Si     1    5773.7487834999965    1.0207628940341384
Fe     1    5776.682068284723     1.0195062094685927
Cr     1    5785.46991952334      1.0216303907792827
Cr     1    5789.524004264603     1.0157558668151834
Si     1    5794.678983613339     1.023354988922916
Fe     1    5808.334937855258     1.0189793728233116
Fe     1    5810.828105047002     1.0197361090415153
Fe     1    5853.842217745841     1.0260997358616595
Ca     1    5859.074618420989     1.0166223895527287
Fe     1    5861.214191182892     1.0161627429894318
Fe     1    5863.984932920292     1.0184416769452427
Ti     1    5868.077328493994     1.0
Ca     1    5869.1883259238175    1.0
Ca     1    5869.196328066112     1.0
Fe     1    6483.660928685685     1.0
Ca     1    6495.575329443239     1.0138557876754464
Fe     1    6496.775051753972     1.0106848861818316
Fe     1    6500.734015360068     1.0085183680666208
Fe     2    6517.876921161999     1.0193016084769453
Fe     1    6520.16663637006      1.0086204132257395
Fe     1    6548.046527753324     1.0198453668839327
Ni     1    6588.128999672801     1.0224062470025475
Fe     1    6594.73337474588      1.0162223396979833
Fe     1    6595.690732061377     1.0215720443597054
Fe     1    6599.381424044337     1.0227932282879042
Sc     2    6606.425117291336     1.0218831353499416
Fe     1    6610.935029524423     1.012315710248437
Fe     1    6629.374086067407     1.0223359698047667
Ni     1    6645.484617017192     1.0188454335810517
Fe     1    6679.82895072668      1.0189123770345505
Al     1    6697.87170219246      1.0174537026262829
Al     1    6700.522414966865     1.0018147770426218
Fe     1    6705.416731065437     1.0175627559998908
Cr     1    6723.703748749681     1.0180241107165304
Fe     1    6727.2123923259205    1.0
Fe     1    6735.0089891072275    1.0
Si     1    7682.383915272238     1.0041582173580859
Mg     1    7693.666959557328     1.0050682960048694
K      1    7701.083260605108     1.0054351784838695
Fe     1    7712.487037622347     1.0060889793287375
Fe     2    7713.842803447365     1.006325629691815
Ni     1    7717.714448136995     1.0067436286199147
Fe     1    7750.401268486927     0.9954763109793409
Ni     1    7751.022436112898     0.9919346575587243
Fe     1    7753.243035357763     1.009194960384584
O      1    7774.082659254023     1.0108799599235445
O      1    7776.305259075406     1.0117893604932962
O      1    7777.52758895167      1.011447024237343
Ni     1    7791.07324465637      1.0105510691568294
Ni     1    7799.72557981853      1.0096535494444496
Rb     1    7802.205249061444     1.0117043384236188
Al     1    7837.464765789455     1.0090145911883082
Al     1    7838.289988531767     1.0102630313719676
Si     1    7852.143727973151     1.01415779630336
UL     3    4723.47               1.0215610772968868
UL     3    4745.74               1.018903938372187
UL     3    4749.47               1.0228674418276524
UL     3    4765.26               1.0076573922528176
UL     3    4774.16               1.0142789198355062
UL     3    4791.0                0.9905259513607774
UL     3    4808.33               1.022776322212349
UL     3    4814.84               0.9952416461085482
UL     3    4819.16               1.0143378713463782
UL     3    4825.5                1.0116611850841104
UL     3    4830.74               0.9850436786534477
UL     3    4834.09               1.012392952541981
UL     3    4840.91               1.0104651678105432
UL     3    4849.61               1.0188346540824096
UL     3    4852.85               1.0240363617453172
UL     3    5655.46               1.0
UL     3    5677.0                1.0132962631194744
UL     3    5693.09               1.016138434002377
UL     3    5695.25               1.0147139037436137
UL     3    5707.59               1.013762840640549
UL     3    5708.68               1.0133434985975938
UL     3    5716.69               1.0151230756861906
UL     3    5719.45               1.0149433788273823
UL     3    5753.66               1.0198933525774156
UL     3    5792.62               1.0211902634384462
UL     3    6501.47               1.012563729749882
UL     3    6571.05               1.0142944946248444
UL     3    6576.88               1.0253478050629392
UL     3    6706.96               1.015790557876311
UL     3    6728.57               1.0
UL     3    7716.42               1.0067063238065863
UL     3    7725.34               1.002895502599271
UL     3    7729.78               1.0070301432143176
UL     3    7744.87               1.0094083736090826
UL     3    7782.75               1.0115295748955984
UL     3    7810.04               1.011061027047039
UL     3    7834.36               1.012043989874898
