#elem  ion  wave                  correction(aperture/stacked)
La     2    4717.759567724955     1.0
Mg     1    4731.351766619823     1.0008454365671393
Fe     1    4734.916110486742     1.0131682483133706
Mn     1    4740.415566878147     1.0189622968589929
Fe     1    4742.8552129917925    1.0152591375662752
Fe     1    4747.1273444713015    1.018231872754509
Ti     1    4759.448408090701     1.0429073964258275
Ti     1    4760.600613316287     1.0396624432301953
Mn     1    4762.837505895204     1.0249836035143047
Ti     2    4765.857005824366     1.0139547943373333
Fe     1    4780.775258460967     1.017840162449364
V      1    4785.804091043368     1.0
Fe     1    4789.165481822721     1.0298828902251467
Fe     1    4790.095328242028     1.0164462268218903
Cr     1    4790.673881566418     0.9774043711763043
Ti     2    4799.872619512944     1.007831279430335
Cr     1    4802.366680566258     0.9782779553325011
Fe     1    4804.222172380227     1.008559548604675
Fe     1    4809.491669170637     0.9866071997006216
Zn     1    4811.881502677758     1.0233189970118282
Ti     1    4821.756520598129     1.016829848395817
Ni     1    4832.529977081299     1.0170542403063993
Sm     2    4838.011430590429     1.0
Ti     1    4842.232549968105     1.0145315229389913
Fe     1    4845.367381317484     1.008794148811552
Cr     2    4849.590501330725     1.0161114512269973
Ti     2    4850.522548526964     0.997778980668778
Y      2    4856.217358959939     1.0055331448086733
Ti     2    4866.969511046126     1.0233193633356386
Ni     1    4867.629286068777     1.0195416281853877
Ti     2    4875.370739800553     0.9985901504478688
Fe     1    4877.238835417714     0.9982272414684389
Fe     1    4883.50749861639      1.0035508731216274
Y      2    4885.046006832402     1.0116103019519858
Cr     2    4885.974153103399     0.9988395865864531
Fe     1    4892.120884126167     1.011408013240999
Fe     1    4892.858079747847     1.0134719599179551
Fe     1    5653.03740205537      1.0
Fe     1    5653.886328981642     1.0
Sc     2    5659.466220575779     1.0015218660486829
Fe     1    5664.0875559795395    0.9954467451569223
Si     1    5667.126768463639     1.0149772533671253
Sc     2    5668.721694848641     0.9776862790042868
Fe     1    5669.090793523595     0.9995577190349845
Sc     2    5670.628204538431     1.0131158221086147
Fe     1    5680.598770204794     1.0107675979809647
Na     1    5684.210135764635     1.0028326155288394
Na     1    5689.783325901822     1.0117410799621287
Si     1    5692.003919652215     1.0126256090562415
Fe     1    5703.126093684245     1.0026312884245283
Mg     1    5712.67244653875      1.015122254601231
Fe     1    5733.351777140469     1.0088162888911243
Mo     1    5753.003233598317     1.0
Fe     1    5754.725694364557     1.0066727808052576
Ni     1    5756.266106436666     1.0139763919124465
Si     1    5773.7487834999965    1.019287672077209
Fe     1    5776.682068284723     1.0183231918528868
Cr     1    5785.46991952334      1.020373584141884
Cr     1    5789.524004264603     1.0149646178601184
Si     1    5794.678983613339     1.0219857095298177
Fe     1    5808.334937855258     1.0181653477210644
Fe     1    5810.828105047002     1.018876360097095
Fe     1    5853.842217745841     1.0252128390600939
Ca     1    5859.074618420989     1.015991693277525
Fe     1    5861.214191182892     1.0156623013272381
Fe     1    5863.984932920292     1.0177980417194967
Ti     1    5868.077328493994     1.0
Ca     1    5869.1883259238175    1.0
Ca     1    5869.196328066112     1.0
Fe     1    6483.660928685685     1.0
Ca     1    6495.575329443239     1.0113215823643753
Fe     1    6496.775051753972     1.0087627949419022
Fe     1    6500.734015360068     1.006829303509775
Fe     2    6517.876921161999     1.0160650929025514
Fe     1    6520.16663637006      1.0075203566171256
Fe     1    6548.046527753324     1.0172954728409471
Ni     1    6588.128999672801     1.0197143286690926
Fe     1    6594.73337474588      1.0146859276416196
Fe     1    6595.690732061377     1.0191939664242262
Fe     1    6599.381424044337     1.0204022871131622
Sc     2    6606.425117291336     1.0197804751023116
Fe     1    6610.935029524423     1.0114398768566346
Fe     1    6629.374086067407     1.020217780162028
Ni     1    6645.484617017192     1.0169821020030074
Fe     1    6679.82895072668      1.0165478775058716
Al     1    6697.87170219246      1.0149987001254768
Al     1    6700.522414966865     1.0021268290724277
Fe     1    6705.416731065437     1.0154765833442738
Cr     1    6723.703748749681     1.0157829726805097
Fe     1    6727.2123923259205    1.0
Fe     1    6735.0089891072275    1.0
Si     1    7682.383915272238     1.002087119335686
Mg     1    7693.666959557328     1.002799540870979
K      1    7701.083260605108     1.0032144170804393
Fe     1    7712.487037622347     1.0038855797915536
Fe     2    7713.842803447365     1.0040695862310023
Ni     1    7717.714448136995     1.0044241656100703
Fe     1    7750.401268486927     0.9969381281631724
Ni     1    7751.022436112898     0.9943688674863596
Fe     1    7753.243035357763     1.0069623399137053
O      1    7774.082659254023     1.0083814605322454
O      1    7776.305259075406     1.0090836509559296
O      1    7777.52758895167      1.0087949312578377
Ni     1    7791.07324465637      1.0085497420117326
Ni     1    7799.72557981853      1.007874694357617
Rb     1    7802.205249061444     1.0093675510565585
Al     1    7837.464765789455     1.0068572533254183
Al     1    7838.289988531767     1.0082694031043886
Si     1    7852.143727973151     1.0118276486305302
UL     3    4723.47               1.0194302975976615
UL     3    4745.74               1.0174525897082718
UL     3    4749.47               1.0211467472776963
UL     3    4765.26               1.0073821470708573
UL     3    4774.16               1.0135640421782584
UL     3    4791.0                0.9919561310929056
UL     3    4808.33               1.0209619690708753
UL     3    4814.84               0.9963317012719306
UL     3    4819.16               1.0127130024707978
UL     3    4825.5                1.0103497630848821
UL     3    4830.74               0.9879203053476839
UL     3    4834.09               1.0109153509113185
UL     3    4840.91               1.0093825031387593
UL     3    4849.61               1.0161113581120698
UL     3    4852.85               1.0197018250783003
UL     3    5655.46               1.0
UL     3    5677.0                1.0112598139062485
UL     3    5693.09               1.013581291671499
UL     3    5695.25               1.0125897845952243
UL     3    5707.59               1.0115631388268183
UL     3    5708.68               1.011428362699406
UL     3    5716.69               1.013112917960815
UL     3    5719.45               1.0129749198420472
UL     3    5753.66               1.018204927188163
UL     3    5792.62               1.0199817792920467
UL     3    6501.47               1.0102683682207654
UL     3    6571.05               1.012789513801739
UL     3    6576.88               1.022374567461896
UL     3    6706.96               1.0138885497067802
UL     3    6728.57               1.0
UL     3    7716.42               1.004313730872594
UL     3    7725.34               1.0020578915638747
UL     3    7729.78               1.004912933055246
UL     3    7744.87               1.006855875986681
UL     3    7782.75               1.0091288246296104
UL     3    7810.04               1.0091210642436808
UL     3    7834.36               1.009971392343105
