#elem  ion  wave                  correction(aperture/stacked)
La     2    4717.759567724955     1.0
Mg     1    4731.351766619823     1.000680331000982
Fe     1    4734.916110486742     1.0140861768698
Mn     1    4740.415566878147     1.020279371396411
Fe     1    4742.8552129917925    1.0162760901815637
Fe     1    4747.1273444713015    1.0192985076486534
Ti     1    4759.448408090701     1.044927625649825
Ti     1    4760.600613316287     1.0414325608521458
Mn     1    4762.837505895204     1.026074217171198
Ti     2    4765.857005824366     1.0146354818507197
Fe     1    4780.775258460967     1.0186325348424186
V      1    4785.804091043368     1.0
Fe     1    4789.165481822721     1.0315331969596961
Fe     1    4790.095328242028     1.0174009318850483
Cr     1    4790.673881566418     0.9754483656761644
Ti     2    4799.872619512944     1.0082455695149142
Cr     1    4802.366680566258     0.9763301532360267
Fe     1    4804.222172380227     1.0098337202599006
Fe     1    4809.491669170637     0.985247281678136
Zn     1    4811.881502677758     1.0250183882556716
Ti     1    4821.756520598129     1.0186580104786742
Ni     1    4832.529977081299     1.0193429023037455
Sm     2    4838.011430590429     1.0
Ti     1    4842.232549968105     1.0164288180366852
Fe     1    4845.367381317484     1.0096708196263442
Cr     2    4849.590501330725     1.018689316260499
Ti     2    4850.522548526964     0.9964850994636661
Y      2    4856.217358959939     1.0063901306530316
Ti     2    4866.969511046126     1.0273744687692827
Ni     1    4867.629286068777     1.0228962453439416
Ti     2    4875.370739800553     0.9974548269834144
Fe     1    4877.238835417714     0.9974631718681383
Fe     1    4883.50749861639      1.0040930613654393
Y      2    4885.046006832402     1.0147963117137937
Cr     2    4885.974153103399     1.001079478286063
Fe     1    4892.120884126167     1.0133970801563392
Fe     1    4892.858079747847     1.0159441253532924
Fe     1    5653.03740205537      1.0
Fe     1    5653.886328981642     1.0
Sc     2    5659.466220575779     1.00153435379505
Fe     1    5664.0875559795395    0.9949687482255832
Si     1    5667.126768463639     1.0159088403607426
Sc     2    5668.721694848641     0.9759648151684106
Fe     1    5669.090793523595     0.9993652310667899
Sc     2    5670.628204538431     1.0139310860616433
Fe     1    5680.598770204794     1.0113365557114868
Na     1    5684.210135764635     1.0029135467738859
Na     1    5689.783325901822     1.0123616530250736
Si     1    5692.003919652215     1.0132573794862147
Fe     1    5703.126093684245     1.0026512842275022
Mg     1    5712.67244653875      1.0157297528194702
Fe     1    5733.351777140469     1.009067696009358
Mo     1    5753.003233598317     1.0
Fe     1    5754.725694364557     1.0067968073342304
Ni     1    5756.266106436666     1.0143203048678535
Si     1    5773.7487834999965    1.019783352582388
Fe     1    5776.682068284723     1.0187460520586376
Cr     1    5785.46991952334      1.020848072554676
Cr     1    5789.524004264603     1.0152769032191742
Si     1    5794.678983613339     1.0225629982441142
Fe     1    5808.334937855258     1.018549871024048
Fe     1    5810.828105047002     1.019289436401835
Fe     1    5853.842217745841     1.0258024373815895
Ca     1    5859.074618420989     1.0164086914630663
Fe     1    5861.214191182892     1.0160056462395939
Fe     1    5863.984932920292     1.0182516395192591
Ti     1    5868.077328493994     1.0
Ca     1    5869.1883259238175    1.0
Ca     1    5869.196328066112     1.0
Fe     1    6483.660928685685     1.0
Ca     1    6495.575329443239     1.0117052738177303
Fe     1    6496.775051753972     1.008998060504511
Fe     1    6500.734015360068     1.0068827204544768
Fe     2    6517.876921161999     1.0150928868403468
Fe     1    6520.16663637006      1.0071132807456935
Fe     1    6548.046527753324     1.01585955233852
Ni     1    6588.128999672801     1.0187657296133226
Fe     1    6594.73337474588      1.0142381982679847
Fe     1    6595.690732061377     1.0186074776506853
Fe     1    6599.381424044337     1.019864721430318
Sc     2    6606.425117291336     1.0195116450093025
Fe     1    6610.935029524423     1.0113801868052108
Fe     1    6629.374086067407     1.0206384504987343
Ni     1    6645.484617017192     1.0176885930458759
Fe     1    6679.82895072668      1.0178017475393746
Al     1    6697.87170219246      1.016036028618555
Al     1    6700.522414966865     1.0020204660128627
Fe     1    6705.416731065437     1.0161910405295649
Cr     1    6723.703748749681     1.01596722433055
Fe     1    6727.2123923259205    1.0
Fe     1    6735.0089891072275    1.0
Si     1    7682.383915272238     1.001406841795056
Mg     1    7693.666959557328     1.0020969490973735
K      1    7701.083260605108     1.002566157532025
Fe     1    7712.487037622347     1.0033597428282603
Fe     2    7713.842803447365     1.0035469612879564
Ni     1    7717.714448136995     1.003940955856438
Fe     1    7750.401268486927     0.9968932182183989
Ni     1    7751.022436112898     0.9942819325086292
Fe     1    7753.243035357763     1.0070846646435796
O      1    7774.082659254023     1.008870110357597
O      1    7776.305259075406     1.009625972392152
O      1    7777.52758895167      1.009326008302503
Ni     1    7791.07324465637      1.0091721216061293
Ni     1    7799.72557981853      1.008479572855251
Rb     1    7802.205249061444     1.010173844837551
Al     1    7837.464765789455     1.0077002805429414
Al     1    7838.289988531767     1.0090523864416592
Si     1    7852.143727973151     1.0126785710238115
UL     3    4723.47               1.0212206025133879
UL     3    4745.74               1.0185529650001988
UL     3    4749.47               1.0224169574648345
UL     3    4765.26               1.007555767010376
UL     3    4774.16               1.014063565984665
UL     3    4791.0                0.990994213283089
UL     3    4808.33               1.0222816944229842
UL     3    4814.84               0.9955292892373915
UL     3    4819.16               1.0139885852027355
UL     3    4825.5                1.01142412523484
UL     3    4830.74               0.9855556196944416
UL     3    4834.09               1.0121819504747427
UL     3    4840.91               1.0103603296102568
UL     3    4849.61               1.0186892111443824
UL     3    4852.85               1.0238901614639855
UL     3    5655.46               1.0
UL     3    5677.0                1.0119105104009019
UL     3    5693.09               1.0142742680401748
UL     3    5695.25               1.0131614488881842
UL     3    5707.59               1.012092298840788
UL     3    5708.68               1.0118976543336817
UL     3    5716.69               1.013578711567865
UL     3    5719.45               1.013424131695838
UL     3    5753.66               1.0186778210933678
UL     3    5792.62               1.020483373561073
UL     3    6501.47               1.0103077708277428
UL     3    6571.05               1.0120096662393616
UL     3    6576.88               1.0209669986162653
UL     3    6706.96               1.0145027915761835
UL     3    6728.57               1.0
UL     3    7716.42               1.0038138436021793
UL     3    7725.34               1.0019089920195878
UL     3    7729.78               1.004645059730723
UL     3    7744.87               1.0068295203340496
UL     3    7782.75               1.0097487742064482
UL     3    7810.04               1.0098558055033464
UL     3    7834.36               1.010792659646549
