#elem  ion  wave                  correction(aperture/stacked)
La     2    4717.759567724955     1.0
Mg     1    4731.351766619823     1.000407583395647
Fe     1    4734.916110486742     1.0153874201585733
Mn     1    4740.415566878147     1.0221455355234526
Fe     1    4742.8552129917925    1.0177495043517706
Fe     1    4747.1273444713015    1.0209278846074687
Ti     1    4759.448408090701     1.048191736324082
Ti     1    4760.600613316287     1.0442883803869423
Mn     1    4762.837505895204     1.0278388631629338
Ti     2    4765.857005824366     1.0160995163879665
Fe     1    4780.775258460967     1.0197574420271138
V      1    4785.804091043368     1.0
Fe     1    4789.165481822721     1.0337802201259716
Fe     1    4790.095328242028     1.018722471116557
Cr     1    4790.673881566418     0.9726007998831421
Ti     2    4799.872619512944     1.008734775433699
Cr     1    4802.366680566258     0.9740243140911172
Fe     1    4804.222172380227     1.0112204599453338
Fe     1    4809.491669170637     0.9838748157326926
Zn     1    4811.881502677758     1.0266486072131122
Ti     1    4821.756520598129     1.0199218052408479
Ni     1    4832.529977081299     1.0207479914317588
Sm     2    4838.011430590429     1.0
Ti     1    4842.232549968105     1.0173188223696346
Fe     1    4845.367381317484     1.0099999852873542
Cr     2    4849.590501330725     1.0197794347001032
Ti     2    4850.522548526964     0.9958046326193825
Y      2    4856.217358959939     1.0067000435670725
Ti     2    4866.969511046126     1.0286638972458817
Ni     1    4867.629286068777     1.0239547848990884
Ti     2    4875.370739800553     0.9970307976139303
Fe     1    4877.238835417714     0.9972070735560898
Fe     1    4883.50749861639      1.00428256386958
Y      2    4885.046006832402     1.0157676813084857
Cr     2    4885.974153103399     1.0017704490003918
Fe     1    4892.120884126167     1.013983668597982
Fe     1    4892.858079747847     1.0166882681637963
Fe     1    5653.03740205537      1.0
Fe     1    5653.886328981642     1.0
Sc     2    5659.466220575779     1.0015031651094333
Fe     1    5664.0875559795395    0.9931977533401266
Si     1    5667.126768463639     1.018920001479004
Sc     2    5668.721694848641     0.9695461416155607
Fe     1    5669.090793523595     0.9984894052439174
Sc     2    5670.628204538431     1.0168560739210712
Fe     1    5680.598770204794     1.0140973691167825
Na     1    5684.210135764635     1.003163158500246
Na     1    5689.783325901822     1.0153797126576993
Si     1    5692.003919652215     1.0163841064029147
Fe     1    5703.126093684245     1.0025802419082073
Mg     1    5712.67244653875      1.0192498127419927
Fe     1    5733.351777140469     1.0102779977539
Mo     1    5753.003233598317     1.0
Fe     1    5754.725694364557     1.00727029038928
Ni     1    5756.266106436666     1.01574118388025
Si     1    5773.7487834999965    1.0213564961037773
Fe     1    5776.682068284723     1.0199517180607698
Cr     1    5785.46991952334      1.022145499317984
Cr     1    5789.524004264603     1.0160798715656632
Si     1    5794.678983613339     1.0239522849208695
Fe     1    5808.334937855258     1.019426000838302
Fe     1    5810.828105047002     1.0202213537086293
Fe     1    5853.842217745841     1.0272080908008456
Ca     1    5859.074618420989     1.0175488817911722
Fe     1    5861.214191182892     1.016940827354252
Fe     1    5863.984932920292     1.019507989041873
Ti     1    5868.077328493994     1.0
Ca     1    5869.1883259238175    1.0
Ca     1    5869.196328066112     1.0
Fe     1    6483.660928685685     1.0
Ca     1    6495.575329443239     1.0148357594605482
Fe     1    6496.775051753972     1.0114100316711516
Fe     1    6500.734015360068     1.0091302770422885
Fe     2    6517.876921161999     1.020224577049597
Fe     1    6520.16663637006      1.008887893480436
Fe     1    6548.046527753324     1.0203763446431
Ni     1    6588.128999672801     1.0228498667241341
Fe     1    6594.73337474588      1.016462950720526
Fe     1    6595.690732061377     1.0219502738582071
Fe     1    6599.381424044337     1.0231842517691265
Sc     2    6606.425117291336     1.0222322235925443
Fe     1    6610.935029524423     1.012451207934611
Fe     1    6629.374086067407     1.0228274845151506
Ni     1    6645.484617017192     1.019381584738553
Fe     1    6679.82895072668      1.0200886585476379
Al     1    6697.87170219246      1.018980626418853
Al     1    6700.522414966865     1.001487379070466
Fe     1    6705.416731065437     1.0188581376141486
Cr     1    6723.703748749681     1.0196306873116152
Fe     1    6727.2123923259205    1.0
Fe     1    6735.0089891072275    1.0
Si     1    7682.383915272238     1.0051864162896589
Mg     1    7693.666959557328     1.006064224979136
K      1    7701.083260605108     1.0063286213440688
Fe     1    7712.487037622347     1.0069007212426477
Fe     2    7713.842803447365     1.0071488800269686
Ni     1    7717.714448136995     1.0075722040058792
Fe     1    7750.401268486927     0.9949282276025797
Ni     1    7751.022436112898     0.9910436749851681
Fe     1    7753.243035357763     1.009944366826876
O      1    7774.082659254023     1.0118513875367534
O      1    7776.305259075406     1.0128384971798539
O      1    7777.52758895167      1.0124896130228522
Ni     1    7791.07324465637      1.0113358950701063
Ni     1    7799.72557981853      1.010382556788638
Rb     1    7802.205249061444     1.0127142174005894
Al     1    7837.464765789455     1.0101128844509568
Al     1    7838.289988531767     1.011264023531557
Si     1    7852.143727973151     1.0154008889454214
UL     3    4723.47               1.0233866284426245
UL     3    4745.74               1.0201819660133498
UL     3    4749.47               1.0244460294923217
UL     3    4765.26               1.0080056667554642
UL     3    4774.16               1.014759811125027
UL     3    4791.0                0.9895699988512578
UL     3    4808.33               1.0236299337582548
UL     3    4814.84               0.9947453363026488
UL     3    4819.16               1.0149361437361397
UL     3    4825.5                1.0120988341551076
UL     3    4830.74               0.9839082023847152
UL     3    4834.09               1.0128911047019162
UL     3    4840.91               1.0107913179938
UL     3    4849.61               1.0197793249805467
UL     3    4852.85               1.025554056640647
UL     3    5655.46               1.0
UL     3    5677.0                1.014836750151143
UL     3    5693.09               1.017795822057642
UL     3    5695.25               1.0160039117772985
UL     3    5707.59               1.0150873796239333
UL     3    5708.68               1.014434555435981
UL     3    5716.69               1.0162176974752162
UL     3    5719.45               1.0159938918024962
UL     3    5753.66               1.020613627670023
UL     3    5792.62               1.0217071679244583
UL     3    6501.47               1.0133755793456058
UL     3    6571.05               1.0145426955307082
UL     3    6576.88               1.0258431387537699
UL     3    6706.96               1.016992329822028
UL     3    6728.57               1.0
UL     3    7716.42               1.007570634148194
UL     3    7725.34               1.0031538933362207
UL     3    7729.78               1.0077445590251508
UL     3    7744.87               1.010273707007634
UL     3    7782.75               1.0124535718852106
UL     3    7810.04               1.0119017603449194
UL     3    7834.36               1.0130708131328965
