#elem  ion  wave                  correction(aperture/stacked)
La     2    4717.759567724955     1.0
Mg     1    4731.351766619823     1.0008351844550667
Fe     1    4734.916110486742     1.0133973626633241
Mn     1    4740.415566878147     1.0196317172845062
Fe     1    4742.8552129917925    1.0159135880617427
Fe     1    4747.1273444713015    1.0190992457359103
Ti     1    4759.448408090701     1.0453471066471767
Ti     1    4760.600613316287     1.041845806630265
Mn     1    4762.837505895204     1.0263757724668134
Ti     2    4765.857005824366     1.0148737235844896
Fe     1    4780.775258460967     1.018889811116661
V      1    4785.804091043368     1.0
Fe     1    4789.165481822721     1.0318912335908998
Fe     1    4790.095328242028     1.0176209106517948
Cr     1    4790.673881566418     0.9750636692037018
Ti     2    4799.872619512944     1.008243089280163
Cr     1    4802.366680566258     0.976456636844711
Fe     1    4804.222172380227     1.0097014288589152
Fe     1    4809.491669170637     0.9855537395722831
Zn     1    4811.881502677758     1.0245567224137764
Ti     1    4821.756520598129     1.0178994335371945
Ni     1    4832.529977081299     1.0180514337356885
Sm     2    4838.011430590429     1.0
Ti     1    4842.232549968105     1.0153103840031514
Fe     1    4845.367381317484     1.0091674083945674
Cr     2    4849.590501330725     1.0172034135883445
Ti     2    4850.522548526964     0.9972577381748335
Y      2    4856.217358959939     1.0059354223256431
Ti     2    4866.969511046126     1.0256132874854476
Ni     1    4867.629286068777     1.0214633328142217
Ti     2    4875.370739800553     0.9978817926187294
Fe     1    4877.238835417714     0.9977204635961882
Fe     1    4883.50749861639      1.00397180556065
Y      2    4885.046006832402     1.0141609919166745
Cr     2    4885.974153103399     1.0006515199940005
Fe     1    4892.120884126167     1.0131853778958886
Fe     1    4892.858079747847     1.0157097924127634
Fe     1    5653.03740205537      1.0
Fe     1    5653.886328981642     1.0
Sc     2    5659.466220575779     1.0015349968040916
Fe     1    5664.0875559795395    0.9945121816356901
Si     1    5667.126768463639     1.0168267515401646
Sc     2    5668.721694848641     0.9740039529017973
Fe     1    5669.090793523595     0.9991299636099369
Sc     2    5670.628204538431     1.0149264166322483
Fe     1    5680.598770204794     1.0124110849847174
Na     1    5684.210135764635     1.0030528971192074
Na     1    5689.783325901822     1.0137862107073923
Si     1    5692.003919652215     1.01477795951882
Fe     1    5703.126093684245     1.0026685617502555
Mg     1    5712.67244653875      1.0177052555935007
Fe     1    5733.351777140469     1.009800801824084
Mo     1    5753.003233598317     1.0
Fe     1    5754.725694364557     1.0070861206227968
Ni     1    5756.266106436666     1.0151742126501546
Si     1    5773.7487834999965    1.0207128537033914
Fe     1    5776.682068284723     1.019470751426235
Cr     1    5785.46991952334      1.0216097591934672
Cr     1    5789.524004264603     1.0157512059414964
Si     1    5794.678983613339     1.023371092571249
Fe     1    5808.334937855258     1.0190459937056902
Fe     1    5810.828105047002     1.0198226100276298
Fe     1    5853.842217745841     1.0268935534061707
Ca     1    5859.074618420989     1.017308061952438
Fe     1    5861.214191182892     1.016765881564768
Fe     1    5863.984932920292     1.0192858661345532
Ti     1    5868.077328493994     1.0
Ca     1    5869.1883259238175    1.0
Ca     1    5869.196328066112     1.0
Fe     1    6483.660928685685     1.0
Ca     1    6495.575329443239     1.0113832228099566
Fe     1    6496.775051753972     1.008777290172973
Fe     1    6500.734015360068     1.0067545040051589
Fe     2    6517.876921161999     1.0153419345346582
Fe     1    6520.16663637006      1.0072280924815544
Fe     1    6548.046527753324     1.0165041426069639
Ni     1    6588.128999672801     1.0195665604062245
Fe     1    6594.73337474588      1.0147257347383254
Fe     1    6595.690732061377     1.0192749024485608
Fe     1    6599.381424044337     1.020600032515516
Sc     2    6606.425117291336     1.020147061813079
Fe     1    6610.935029524423     1.0116523046407628
Fe     1    6629.374086067407     1.0212561301250347
Ni     1    6645.484617017192     1.0182676674000062
Fe     1    6679.82895072668      1.018789997751181
Al     1    6697.87170219246      1.0173260157345516
Al     1    6700.522414966865     1.0018421316953614
Fe     1    6705.416731065437     1.017380278725037
Cr     1    6723.703748749681     1.0175455316804707
Fe     1    6727.2123923259205    1.0
Fe     1    6735.0089891072275    1.0
Si     1    7682.383915272238     1.0035266630100788
Mg     1    7693.666959557328     1.0044625520256572
K      1    7701.083260605108     1.0049148125955503
Fe     1    7712.487037622347     1.0056513366480337
Fe     2    7713.842803447365     1.0058863141671703
Ni     1    7717.714448136995     1.0063165952999304
Fe     1    7750.401268486927     0.9956349194448064
Ni     1    7751.022436112898     0.9921887503116473
Fe     1    7753.243035357763     1.0089932416504117
O      1    7774.082659254023     1.0107679028489103
O      1    7776.305259075406     1.0116829373371234
O      1    7777.52758895167      1.0113496606531756
Ni     1    7791.07324465637      1.0105445355615126
Ni     1    7799.72557981853      1.0096817081179525
Rb     1    7802.205249061444     1.0117560712742473
Al     1    7837.464765789455     1.0092339095105625
Al     1    7838.289988531767     1.0104662110296694
Si     1    7852.143727973151     1.0144775755234092
UL     3    4723.47               1.0188213309826517
UL     3    4745.74               1.018290284135165
UL     3    4749.47               1.0222973143856173
UL     3    4765.26               1.0076271792793212
UL     3    4774.16               1.0142344784760207
UL     3    4791.0                0.9908205226117767
UL     3    4808.33               1.0220242745186907
UL     3    4814.84               0.9958042023430377
UL     3    4819.16               1.0135022482219869
UL     3    4825.5                1.0109306833705993
UL     3    4830.74               0.9868689520881457
UL     3    4834.09               1.0114592291637776
UL     3    4840.91               1.0097880351107824
UL     3    4849.61               1.017203315188877
UL     3    4852.85               1.021530769541033
UL     3    5655.46               1.0
UL     3    5677.0                1.0129922868388952
UL     3    5693.09               1.01599437111707
UL     3    5695.25               1.01461323600838
UL     3    5707.59               1.0137179958741234
UL     3    5708.68               1.0133085833989102
UL     3    5716.69               1.0150998608201767
UL     3    5719.45               1.0149225119406382
UL     3    5753.66               1.0198400269951733
UL     3    5792.62               1.0211949994153742
UL     3    6501.47               1.0101429044780623
UL     3    6571.05               1.0124764772946204
UL     3    6576.88               1.0218972532228061
UL     3    6706.96               1.0156094659816455
UL     3    6728.57               1.0
UL     3    7716.42               1.006255962009115
UL     3    7725.34               1.002756758694745
UL     3    7729.78               1.0067141543286444
UL     3    7744.87               1.0091207630935248
UL     3    7782.75               1.0114759071060948
UL     3    7810.04               1.0111361008625375
UL     3    7834.36               1.0122374277684716
