#elem  ion  wave                  correction(aperture/stacked)
La     2    4717.759567724955     1.0
Mg     1    4731.351766619823     1.0007648168208345
Fe     1    4734.916110486742     1.013632228440105
Mn     1    4740.415566878147     1.0195836604780228
Fe     1    4742.8552129917925    1.0157500987216468
Fe     1    4747.1273444713015    1.01870626126571
Ti     1    4759.448408090701     1.0436184350795705
Ti     1    4760.600613316287     1.0402674185599874
Mn     1    4762.837505895204     1.02533385598931
Ti     2    4765.857005824366     1.0141511775803231
Fe     1    4780.775258460967     1.017944808673991
V      1    4785.804091043368     1.0
Fe     1    4789.165481822721     1.029971952592684
Fe     1    4790.095328242028     1.0164916898821408
Cr     1    4790.673881566418     0.9773239794915419
Ti     2    4799.872619512944     1.0078190667995914
Cr     1    4802.366680566258     0.9783637903764818
Fe     1    4804.222172380227     1.0084879566483478
Fe     1    4809.491669170637     0.9867160113789402
Zn     1    4811.881502677758     1.0231639206542482
Ti     1    4821.756520598129     1.016620755567251
Ni     1    4832.529977081299     1.0167863782172857
Sm     2    4838.011430590429     1.0
Ti     1    4842.232549968105     1.014321749940176
Fe     1    4845.367381317484     1.0086960388114885
Cr     2    4849.590501330725     1.0158670888247439
Ti     2    4850.522548526964     0.9978835570772355
Y      2    4856.217358959939     1.005463350261099
Ti     2    4866.969511046126     1.023118113763325
Ni     1    4867.629286068777     1.019380995244306
Ti     2    4875.370739800553     0.9986120600285704
Fe     1    4877.238835417714     0.9982391901187144
Fe     1    4883.50749861639      1.0035524084457714
Y      2    4885.046006832402     1.0116348087097713
Cr     2    4885.974153103399     0.9988636074129317
Fe     1    4892.120884126167     1.011468389416726
Fe     1    4892.858079747847     1.0135668526061343
Fe     1    5653.03740205537      1.0
Fe     1    5653.886328981642     1.0
Sc     2    5659.466220575779     1.0015321982822556
Fe     1    5664.0875559795395    0.995127991194697
Si     1    5667.126768463639     1.0155729853912712
Sc     2    5668.721694848641     0.9765853611521099
Fe     1    5669.090793523595     0.9994376589421176
Sc     2    5670.628204538431     1.0136271941055381
Fe     1    5680.598770204794     1.0110735712690875
Na     1    5684.210135764635     1.0028746007336695
Na     1    5689.783325901822     1.0120241789472986
Si     1    5692.003919652215     1.0129031697923379
Fe     1    5703.126093684245     1.0026399679678109
Mg     1    5712.67244653875      1.0153370140800964
Fe     1    5733.351777140469     1.008919220122097
Mo     1    5753.003233598317     1.0
Fe     1    5754.725694364557     1.006747435429077
Ni     1    5756.266106436666     1.0141706900445022
Si     1    5773.7487834999965    1.0195925046870848
Fe     1    5776.682068284723     1.0185917053187805
Cr     1    5785.46991952334      1.0206651569033538
Cr     1    5789.524004264603     1.0151548281386515
Si     1    5794.678983613339     1.0223192726809525
Fe     1    5808.334937855258     1.018376672110229
Fe     1    5810.828105047002     1.0190959861993167
Fe     1    5853.842217745841     1.0251547704692063
Ca     1    5859.074618420989     1.0158928672080014
Fe     1    5861.214191182892     1.0155600555880715
Fe     1    5863.984932920292     1.0176323512297452
Ti     1    5868.077328493994     1.0
Ca     1    5869.1883259238175    1.0
Ca     1    5869.196328066112     1.0
Fe     1    6483.660928685685     1.0
Ca     1    6495.575329443239     1.0125384389439884
Fe     1    6496.775051753972     1.0096648816541929
Fe     1    6500.734015360068     1.0075500196863165
Fe     2    6517.876921161999     1.0169290066252965
Fe     1    6520.16663637006      1.0078061992083862
Fe     1    6548.046527753324     1.017466125770689
Ni     1    6588.128999672801     1.0195018372337448
Fe     1    6594.73337474588      1.0145598099785071
Fe     1    6595.690732061377     1.0190170918722834
Fe     1    6599.381424044337     1.0201998841652091
Sc     2    6606.425117291336     1.0195955596542101
Fe     1    6610.935029524423     1.0113595334031515
Fe     1    6629.374086067407     1.0200701864169062
Ni     1    6645.484617017192     1.0169018939911847
Fe     1    6679.82895072668      1.0165872232873971
Al     1    6697.87170219246      1.015079950638623
Al     1    6700.522414966865     1.0021188395703677
Fe     1    6705.416731065437     1.01555302093401
Cr     1    6723.703748749681     1.0158625338905873
Fe     1    6727.2123923259205    1.0
Fe     1    6735.0089891072275    1.0
Si     1    7682.383915272238     1.0023080282630676
Mg     1    7693.666959557328     1.0030149488792366
K      1    7701.083260605108     1.0034363166635416
Fe     1    7712.487037622347     1.0041035127337836
Fe     2    7713.842803447365     1.004295430619955
Ni     1    7717.714448136995     1.0046772426521235
Fe     1    7750.401268486927     0.9967125473145271
Ni     1    7751.022436112898     0.9939923607553905
Fe     1    7753.243035357763     1.0073583393540775
O      1    7774.082659254023     1.008897805033286
O      1    7776.305259075406     1.0096331351595378
O      1    7777.52758895167      1.0093216042556288
Ni     1    7791.07324465637      1.009076721874109
Ni     1    7799.72557981853      1.008358600397536
Rb     1    7802.205249061444     1.0100049413073988
Al     1    7837.464765789455     1.0075295007351337
Al     1    7838.289988531767     1.0088941449770898
Si     1    7852.143727973151     1.0125688351998585
UL     3    4723.47               1.0204060211002488
UL     3    4745.74               1.0179653343978379
UL     3    4749.47               1.021689429307398
UL     3    4765.26               1.0074354733584683
UL     3    4774.16               1.0136619056944614
UL     3    4791.0                0.991919479300836
UL     3    4808.33               1.0208603245124757
UL     3    4814.84               0.9963903537749234
UL     3    4819.16               1.0125730199641427
UL     3    4825.5                1.0102210273782117
UL     3    4830.74               0.9881892246142533
UL     3    4834.09               1.010764971593736
UL     3    4840.91               1.0092693778492081
UL     3    4849.61               1.0158669969256866
UL     3    4852.85               1.0193383330134085
UL     3    5655.46               1.0
UL     3    5677.0                1.0116304103798168
UL     3    5693.09               1.0138796687889153
UL     3    5695.25               1.0128284255639102
UL     3    5707.59               1.0117482658641959
UL     3    5708.68               1.0115908181908744
UL     3    5716.69               1.0132796918608065
UL     3    5719.45               1.0131384299991526
UL     3    5753.66               1.018474572904816
UL     3    5792.62               1.02027411620934
UL     3    6501.47               1.0112370894981144
UL     3    6571.05               1.0127363594753622
UL     3    6576.88               1.0222200105003558
UL     3    6706.96               1.0139587173677815
UL     3    6728.57               1.0
UL     3    7716.42               1.0045579526459376
UL     3    7725.34               1.00215614827592
UL     3    7729.78               1.0051698688256774
UL     3    7744.87               1.0072373185941896
UL     3    7782.75               1.009696932801563
UL     3    7810.04               1.0096948440236964
UL     3    7834.36               1.010614793854824
