#elem  ion  wave                  correction(aperture/stacked)
La     2    4717.759567724955     1.0
Mg     1    4731.351766619823     1.000967770809817
Fe     1    4734.916110486742     1.0121762115600392
Mn     1    4740.415566878147     1.0176429082342824
Fe     1    4742.8552129917925    1.0142702404370316
Fe     1    4747.1273444713015    1.0172023160045824
Ti     1    4759.448408090701     1.0413856438367841
Ti     1    4760.600613316287     1.038358044100558
Mn     1    4762.837505895204     1.0242207994280819
Ti     2    4765.857005824366     1.013522555568329
Fe     1    4780.775258460967     1.0175203506535957
V      1    4785.804091043368     1.0
Fe     1    4789.165481822721     1.0293758370037787
Fe     1    4790.095328242028     1.0161515911685517
Cr     1    4790.673881566418     0.9779733231641109
Ti     2    4799.872619512944     1.0077360851658077
Cr     1    4802.366680566258     0.9786799309656324
Fe     1    4804.222172380227     1.0082983377498476
Fe     1    4809.491669170637     0.9868476856757785
Zn     1    4811.881502677758     1.0230232850830971
Ti     1    4821.756520598129     1.0165409365187845
Ni     1    4832.529977081299     1.016687284290088
Sm     2    4838.011430590429     1.0
Ti     1    4842.232549968105     1.0141873430480666
Fe     1    4845.367381317484     1.0086176211275917
Cr     2    4849.590501330725     1.0156125235014928
Ti     2    4850.522548526964     0.9979958904184552
Y      2    4856.217358959939     1.005339401104842
Ti     2    4866.969511046126     1.0223592676029754
Ni     1    4867.629286068777     1.018741480866895
Ti     2    4875.370739800553     0.998817553040135
Fe     1    4877.238835417714     0.9983968447401729
Fe     1    4883.50749861639      1.0034080892279893
Y      2    4885.046006832402     1.0107627486274409
Cr     2    4885.974153103399     0.998255340399178
Fe     1    4892.120884126167     1.0108658500045766
Fe     1    4892.858079747847     1.012803695194657
Fe     1    5653.03740205537      1.0
Fe     1    5653.886328981642     1.0
Sc     2    5659.466220575779     1.0014774749835573
Fe     1    5664.0875559795395    0.996037415690305
Si     1    5667.126768463639     1.013797014234972
Sc     2    5668.721694848641     0.9799189515536005
Fe     1    5669.090793523595     0.9997942432114864
Sc     2    5670.628204538431     1.0120763722410944
Fe     1    5680.598770204794     1.0099824666327448
Na     1    5684.210135764635     1.0026993579753385
Na     1    5689.783325901822     1.0109371831047436
Si     1    5692.003919652215     1.0118150039221827
Fe     1    5703.126093684245     1.002598579312228
Mg     1    5712.67244653875      1.0145814828129596
Fe     1    5733.351777140469     1.0087160854102797
Mo     1    5753.003233598317     1.0
Fe     1    5754.725694364557     1.0066510926762042
Ni     1    5756.266106436666     1.0139002548048663
Si     1    5773.7487834999965    1.0191907276252095
Fe     1    5776.682068284723     1.0182364923599045
Cr     1    5785.46991952334      1.0202423878547608
Cr     1    5789.524004264603     1.0148656772548665
Si     1    5794.678983613339     1.0217779672419995
Fe     1    5808.334937855258     1.0179583255490863
Fe     1    5810.828105047002     1.0186380174596288
Fe     1    5853.842217745841     1.024258799346012
Ca     1    5859.074618420989     1.0152042989948502
Fe     1    5861.214191182892     1.0149645903045856
Fe     1    5863.984932920292     1.0168975030995158
Ti     1    5868.077328493994     1.0
Ca     1    5869.1883259238175    1.0
Ca     1    5869.196328066112     1.0
Fe     1    6483.660928685685     1.0
Ca     1    6495.575329443239     1.0120023074375124
Fe     1    6496.775051753972     1.009251387206858
Fe     1    6500.734015360068     1.0071677257705427
Fe     2    6517.876921161999     1.016120577800837
Fe     1    6520.16663637006      1.0075170814075691
Fe     1    6548.046527753324     1.0168675084302565
Ni     1    6588.128999672801     1.0191823437474437
Fe     1    6594.73337474588      1.0143881811598825
Fe     1    6595.690732061377     1.0187917657098602
Fe     1    6599.381424044337     1.0199775383666847
Sc     2    6606.425117291336     1.0194337947537515
Fe     1    6610.935029524423     1.0112923380447874
Fe     1    6629.374086067407     1.0200233486264079
Ni     1    6645.484617017192     1.0168683577718212
Fe     1    6679.82895072668      1.0163255826051762
Al     1    6697.87170219246      1.0145610176674285
Al     1    6700.522414966865     1.0021525079492593
Fe     1    6705.416731065437     1.0149860359708487
Cr     1    6723.703748749681     1.0150138087227476
Fe     1    6727.2123923259205    1.0
Fe     1    6735.0089891072275    1.0
Si     1    7682.383915272238     1.0018388258242428
Mg     1    7693.666959557328     1.0025780249507694
K      1    7701.083260605108     1.0030091470710487
Fe     1    7712.487037622347     1.0036924959168534
Fe     2    7713.842803447365     1.0038721361957637
Ni     1    7717.714448136995     1.004221921354379
Fe     1    7750.401268486927     0.9970696896610175
Ni     1    7751.022436112898     0.9945928077505227
Fe     1    7753.243035357763     1.0067419750345836
O      1    7774.082659254023     1.0081369654886363
O      1    7776.305259075406     1.008808440491404
O      1    7777.52758895167      1.0085326933834258
Ni     1    7791.07324465637      1.0083331571309766
Ni     1    7799.72557981853      1.0076708443408258
Rb     1    7802.205249061444     1.0091146537635998
Al     1    7837.464765789455     1.0066835904346456
Al     1    7838.289988531767     1.008109155298121
Si     1    7852.143727973151     1.0116751608282923
UL     3    4723.47               1.0173550684087507
UL     3    4745.74               1.0164214489808676
UL     3    4749.47               1.0199888016760577
UL     3    4765.26               1.0072590976520432
UL     3    4774.16               1.0133173487222393
UL     3    4791.0                0.9922288955534792
UL     3    4808.33               1.0207156315846586
UL     3    4814.84               0.996439217392046
UL     3    4819.16               1.0125100859232459
UL     3    4825.5                1.0101776929164976
UL     3    4830.74               0.9882820603068013
UL     3    4834.09               1.0107050400793156
UL     3    4840.91               1.0092022860747256
UL     3    4849.61               1.0156124328812437
UL     3    4852.85               1.0187886497268974
UL     3    5655.46               1.0
UL     3    5677.0                1.0103722076348554
UL     3    5693.09               1.0127079327487987
UL     3    5695.25               1.0118616906100215
UL     3    5707.59               1.0110613081130382
UL     3    5708.68               1.010993094324675
UL     3    5716.69               1.0127526106491604
UL     3    5719.45               1.0126561453469056
UL     3    5753.66               1.0181177325692403
UL     3    5792.62               1.0198129912599645
UL     3    6501.47               1.0107146146152604
UL     3    6571.05               1.0124734663799262
UL     3    6576.88               1.0217516213798599
UL     3    6706.96               1.0134243623006869
UL     3    6728.57               1.0
UL     3    7716.42               1.0041120363529503
UL     3    7725.34               1.0019813906616488
UL     3    7729.78               1.0047240505897461
UL     3    7744.87               1.0066167876950056
UL     3    7782.75               1.0088731129507316
UL     3    7810.04               1.00892198012986
UL     3    7834.36               1.0097978242506167
