#elem  ion  wave                  correction(aperture/stacked)
La     2    4717.759567724955     1.0
Mg     1    4731.351766619823     1.001104732174664
Fe     1    4734.916110486742     1.0103385644540703
Mn     1    4740.415566878147     1.015283639280249
Fe     1    4742.8552129917925    1.0125282618584677
Fe     1    4747.1273444713015    1.0154807509089432
Ti     1    4759.448408090701     1.0385199105928165
Ti     1    4760.600613316287     1.035836089051854
Mn     1    4762.837505895204     1.0227022149849074
Ti     2    4765.857005824366     1.012649234583749
Fe     1    4780.775258460967     1.0164987282917437
V      1    4785.804091043368     1.0
Fe     1    4789.165481822721     1.0270781639839583
Fe     1    4790.095328242028     1.0147537751348312
Cr     1    4790.673881566418     0.9805477105202847
Ti     2    4799.872619512944     1.0070485563299367
Cr     1    4802.366680566258     0.9816016008133274
Fe     1    4804.222172380227     1.0066963063396088
Fe     1    4809.491669170637     0.9889858350637553
Zn     1    4811.881502677758     1.020016725615832
Ti     1    4821.756520598129     1.013071378214098
Ni     1    4832.529977081299     1.0127958445853469
Sm     2    4838.011430590429     1.0
Ti     1    4842.232549968105     1.0107274997763553
Fe     1    4845.367381317484     1.0067274683881386
Cr     2    4849.590501330725     1.0113314231057458
Ti     2    4850.522548526964     0.9992940068794589
Y      2    4856.217358959939     1.0039147388945424
Ti     2    4866.969511046126     1.0164822432292946
Ni     1    4867.629286068777     1.013914454135521
Ti     2    4875.370739800553     0.9995929150543491
Fe     1    4877.238835417714     0.9990141172741536
Fe     1    4883.50749861639      1.0028558453472278
Y      2    4885.046006832402     1.0079135630234684
Cr     2    4885.974153103399     0.9964099496687794
Fe     1    4892.120884126167     1.0093813430982566
Fe     1    4892.858079747847     1.0110477819644335
Fe     1    5653.03740205537      1.0
Fe     1    5653.886328981642     1.0
Sc     2    5659.466220575779     1.0013758889064923
Fe     1    5664.0875559795395    0.9968511003739685
Si     1    5667.126768463639     1.0119068660963926
Sc     2    5668.721694848641     0.9834806748720978
Fe     1    5669.090793523595     1.0001205036486973
Sc     2    5670.628204538431     1.0103012117200545
Fe     1    5680.598770204794     1.0083700147725956
Na     1    5684.210135764635     1.0023690106989736
Na     1    5689.783325901822     1.0090052702742256
Si     1    5692.003919652215     1.0097666423794
Fe     1    5703.126093684245     1.002382574356578
Mg     1    5712.67244653875      1.0123497496083023
Fe     1    5733.351777140469     1.0078540187078788
Mo     1    5753.003233598317     1.0
Fe     1    5754.725694364557     1.0062921854253313
Ni     1    5756.266106436666     1.012920562677429
Si     1    5773.7487834999965    1.0180471260324033
Fe     1    5776.682068284723     1.0173033988372957
Cr     1    5785.46991952334      1.0192562986676337
Cr     1    5789.524004264603     1.0142209559296342
Si     1    5794.678983613339     1.0207139578394433
Fe     1    5808.334937855258     1.0173036187313482
Fe     1    5810.828105047002     1.0179495629872601
Fe     1    5853.842217745841     1.0233679380161589
Ca     1    5859.074618420989     1.014565937030477
Fe     1    5861.214191182892     1.014404633906126
Fe     1    5863.984932920292     1.0162015432943352
Ti     1    5868.077328493994     1.0
Ca     1    5869.1883259238175    1.0
Ca     1    5869.196328066112     1.0
Fe     1    6483.660928685685     1.0
Ca     1    6495.575329443239     1.0100934872847607
Fe     1    6496.775051753972     1.0077854812878368
Fe     1    6500.734015360068     1.005880558522056
Fe     2    6517.876921161999     1.013385012392853
Fe     1    6520.16663637006      1.0064452280552891
Fe     1    6548.046527753324     1.0143423782243184
Ni     1    6588.128999672801     1.0165699496174465
Fe     1    6594.73337474588      1.012668296638256
Fe     1    6595.690732061377     1.016366510088776
Fe     1    6599.381424044337     1.0172927388496638
Sc     2    6606.425117291336     1.0170314520224129
Fe     1    6610.935029524423     1.0101603312410634
Fe     1    6629.374086067407     1.0176987656980574
Ni     1    6645.484617017192     1.0149655206528563
Fe     1    6679.82895072668      1.014662575074355
Al     1    6697.87170219246      1.0133387433585395
Al     1    6700.522414966865     1.0022159101772443
Fe     1    6705.416731065437     1.0140351920347124
Cr     1    6723.703748749681     1.0144445644705118
Fe     1    6727.2123923259205    1.0
Fe     1    6735.0089891072275    1.0
Si     1    7682.383915272238     1.000980902969432
Mg     1    7693.666959557328     1.0016279009194586
K      1    7701.083260605108     1.0020538266821433
Fe     1    7712.487037622347     1.0026763661858824
Fe     2    7713.842803447365     1.0028225769840735
Ni     1    7717.714448136995     1.0031197436148562
Fe     1    7750.401268486927     0.9978340010436814
Ni     1    7751.022436112898     0.9959247487393016
Fe     1    7753.243035357763     1.0053273480336267
O      1    7774.082659254023     1.0064523471153306
O      1    7776.305259075406     1.0069852797122996
O      1    7777.52758895167      1.0067835190192012
Ni     1    7791.07324465637      1.006659500722654
Ni     1    7799.72557981853      1.0061220079842335
Rb     1    7802.205249061444     1.0071534407819753
Al     1    7837.464765789455     1.004781061326225
Al     1    7838.289988531767     1.0061653356246691
Si     1    7852.143727973151     1.0093807278498395
UL     3    4723.47               1.0131489097899702
UL     3    4745.74               1.0146480978612464
UL     3    4749.47               1.0180737149242043
UL     3    4765.26               1.00697104461278
UL     3    4774.16               1.0126824414355868
UL     3    4791.0                0.9934378406128073
UL     3    4808.33               1.018378281301398
UL     3    4814.84               0.9975760046752525
UL     3    4819.16               1.0101407120653618
UL     3    4825.5                1.0081223981627137
UL     3    4830.74               0.9918156971032558
UL     3    4834.09               1.0083933041373712
UL     3    4840.91               1.007210918278018
UL     3    4849.61               1.011331355267249
UL     3    4852.85               1.0130197379371626
UL     3    5655.46               1.0
UL     3    5677.0                1.008682308239237
UL     3    5693.09               1.0104647212775588
UL     3    5695.25               1.0098678546166902
UL     3    5707.59               1.009222523465815
UL     3    5708.68               1.0093075914425043
UL     3    5716.69               1.0109787741068557
UL     3    5719.45               1.0109553461653367
UL     3    5753.66               1.016782972624987
UL     3    5792.62               1.0188693895358847
UL     3    6501.47               1.0089358873691616
UL     3    6571.05               1.0108185433235206
UL     3    6576.88               1.0184446272954675
UL     3    6706.96               1.0125943483173163
UL     3    6728.57               1.0
UL     3    7716.42               1.003022783798562
UL     3    7725.34               1.0015259113420274
UL     3    7729.78               1.0036154310134686
UL     3    7744.87               1.0051463289726013
UL     3    7782.75               1.007021877888372
UL     3    7810.04               1.0071438196027698
UL     3    7834.36               1.0077961238460253
