#elem  ion  wave                  correction(aperture/stacked)
La     2    4717.759567724955     1.0
Mg     1    4731.351766619823     1.0005065591010656
Fe     1    4734.916110486742     1.0149182840225284
Mn     1    4740.415566878147     1.0214426206819411
Fe     1    4742.8552129917925    1.0171872353199465
Fe     1    4747.1273444713015    1.0202920920015786
Ti     1    4759.448408090701     1.0468678754849774
Ti     1    4760.600613316287     1.0431309509902924
Mn     1    4762.837505895204     1.027110907471727
Ti     2    4765.857005824366     1.0154175291115488
Fe     1    4780.775258460967     1.0192104138069695
V      1    4785.804091043368     1.0
Fe     1    4789.165481822721     1.032602945591669
Fe     1    4790.095328242028     1.0180414856880664
Cr     1    4790.673881566418     0.9741387903483617
Ti     2    4799.872619512944     1.0084649746913654
Cr     1    4802.366680566258     0.9753941035042585
Fe     1    4804.222172380227     1.0103880191998804
Fe     1    4809.491669170637     0.9847347146013894
Zn     1    4811.881502677758     1.0255874041939104
Ti     1    4821.756520598129     1.0190244404217756
Ni     1    4832.529977081299     1.0196173774830364
Sm     2    4838.011430590429     1.0
Ti     1    4842.232549968105     1.016526794759051
Fe     1    4845.367381317484     1.009698454958289
Cr     2    4849.590501330725     1.0187343804763942
Ti     2    4850.522548526964     0.9964636704820186
Y      2    4856.217358959939     1.0063851394671104
Ti     2    4866.969511046126     1.0272514959563068
Ni     1    4867.629286068777     1.0227913517218767
Ti     2    4875.370739800553     0.9975128162345641
Fe     1    4877.238835417714     0.9975013485962451
Fe     1    4883.50749861639      1.004064939988829
Y      2    4885.046006832402     1.0146436998501351
Cr     2    4885.974153103399     1.0009681306409015
Fe     1    4892.120884126167     1.013287337809758
Fe     1    4892.858079747847     1.0158238195075286
Fe     1    5653.03740205537      1.0
Fe     1    5653.886328981642     1.0
Sc     2    5659.466220575779     1.001519965382855
Fe     1    5664.0875559795395    0.9937212503197971
Si     1    5667.126768463639     1.0180939894833085
Sc     2    5668.721694848641     0.9714404063837928
Fe     1    5669.090793523595     0.9987853298815139
Sc     2    5670.628204538431     1.0160405764382152
Fe     1    5680.598770204794     1.0132418003601922
Na     1    5684.210135764635     1.0031092842185125
Na     1    5689.783325901822     1.0144634087550763
Si     1    5692.003919652215     1.0154582557974543
Fe     1    5703.126093684245     1.002643349605
Mg     1    5712.67244653875      1.0181733637920771
Fe     1    5733.351777140469     1.0099293888992742
Mo     1    5753.003233598317     1.0
Fe     1    5754.725694364557     1.0071411673866701
Ni     1    5756.266106436666     1.0153484965406092
Si     1    5773.7487834999965    1.020951977024328
Fe     1    5776.682068284723     1.0196459190536897
Cr     1    5785.46991952334      1.021802608293501
Cr     1    5789.524004264603     1.0158679766290382
Si     1    5794.678983613339     1.0235888324958522
Fe     1    5808.334937855258     1.0191376550379763
Fe     1    5810.828105047002     1.0199130291703558
Fe     1    5853.842217745841     1.0265650788305325
Ca     1    5859.074618420989     1.017005013621043
Fe     1    5861.214191182892     1.0165005308902082
Fe     1    5863.984932920292     1.018876835268319
Ti     1    5868.077328493994     1.0
Ca     1    5869.1883259238175    1.0
Ca     1    5869.196328066112     1.0
Fe     1    6483.660928685685     1.0
Ca     1    6495.575329443239     1.0151541710563914
Fe     1    6496.775051753972     1.0116337728053841
Fe     1    6500.734015360068     1.0092921591823478
Fe     2    6517.876921161999     1.0202574459079714
Fe     1    6520.16663637006      1.008889030132813
Fe     1    6548.046527753324     1.0201905547549601
Ni     1    6588.128999672801     1.0225569414011526
Fe     1    6594.73337474588      1.0163045901513008
Fe     1    6595.690732061377     1.0217014755753646
Fe     1    6599.381424044337     1.022930008833719
Sc     2    6606.425117291336     1.022014288414256
Fe     1    6610.935029524423     1.012369902202208
Fe     1    6629.374086067407     1.022565447232795
Ni     1    6645.484617017192     1.0191289192723758
Fe     1    6679.82895072668      1.0195210741021496
Al     1    6697.87170219246      1.0181564529733784
Al     1    6700.522414966865     1.0016718625288556
Fe     1    6705.416731065437     1.0181333287778427
Cr     1    6723.703748749681     1.018627676211653
Fe     1    6727.2123923259205    1.0
Fe     1    6735.0089891072275    1.0
Si     1    7682.383915272238     1.004039525076775
Mg     1    7693.666959557328     1.004869525083517
K      1    7701.083260605108     1.0052202128413599
Fe     1    7712.487037622347     1.0058688244329919
Fe     2    7713.842803447365     1.0061014206438483
Ni     1    7717.714448136995     1.006517928480513
Fe     1    7750.401268486927     0.995534036336256
Ni     1    7751.022436112898     0.9920243030340118
Fe     1    7753.243035357763     1.0091327356308109
O      1    7774.082659254023     1.010967304348871
O      1    7776.305259075406     1.0118866459473659
O      1    7777.52758895167      1.0115519519682592
Ni     1    7791.07324465637      1.0107027305593002
Ni     1    7799.72557981853      1.0098051917046
Rb     1    7802.205249061444     1.0119220607351147
Al     1    7837.464765789455     1.0092886062757613
Al     1    7838.289988531767     1.0105126012566314
Si     1    7852.143727973151     1.0144536649034988
UL     3    4723.47               1.022621976299379
UL     3    4745.74               1.019550993121563
UL     3    4749.47               1.0236227480891633
UL     3    4765.26               1.0077972851306185
UL     3    4774.16               1.0144418555333707
UL     3    4791.0                0.9903531454903756
UL     3    4808.33               1.0227826273479552
UL     3    4814.84               0.9952692731640732
UL     3    4819.16               1.014281297445596
UL     3    4825.5                1.0116007717203543
UL     3    4830.74               0.9852151217387168
UL     3    4834.09               1.012312416699251
UL     3    4840.91               1.0104141220786833
UL     3    4849.61               1.018734275163338
UL     3    4852.85               1.0239118056928849
UL     3    5655.46               1.0
UL     3    5677.0                1.0139613123773
UL     3    5693.09               1.0167395223796514
UL     3    5695.25               1.015186133165492
UL     3    5707.59               1.0141585115389107
UL     3    5708.68               1.013668918916367
UL     3    5716.69               1.0154420018944377
UL     3    5719.45               1.0152254629847617
UL     3    5753.66               1.0200730075921145
UL     3    5792.62               1.0213900095749293
UL     3    6501.47               1.0135788712599545
UL     3    6571.05               1.0143963251367303
UL     3    6576.88               1.0255266355769546
UL     3    6706.96               1.016313661234048
UL     3    6728.57               1.0
UL     3    7716.42               1.00647064611222
UL     3    7725.34               1.0028263121553518
UL     3    7729.78               1.0068589897443248
UL     3    7744.87               1.0092810076688619
UL     3    7782.75               1.011651157375374
UL     3    7810.04               1.0112595360852554
UL     3    7834.36               1.012302017067231
