#elem  ion  wave                  correction(aperture/stacked)
La     2    4717.759567724955     1.0
Mg     1    4731.351766619823     1.0009278597029057
Fe     1    4734.916110486742     1.0125946224188471
Mn     1    4740.415566878147     1.0184148306299754
Fe     1    4742.8552129917925    1.0149306878030877
Fe     1    4747.1273444713015    1.018026216441687
Ti     1    4759.448408090701     1.0435137862446646
Ti     1    4760.600613316287     1.040270791561966
Mn     1    4762.837505895204     1.025441854822723
Ti     2    4765.857005824366     1.0143087420391441
Fe     1    4780.775258460967     1.0185665069817962
V      1    4785.804091043368     1.0
Fe     1    4789.165481822721     1.031600749320222
Fe     1    4790.095328242028     1.0174755876882227
Cr     1    4790.673881566418     0.9753392074751481
Ti     2    4799.872619512944     1.0082933253260706
Cr     1    4802.366680566258     0.9760872574876347
Fe     1    4804.222172380227     1.0099883517287842
Fe     1    4809.491669170637     0.9850854150030638
Zn     1    4811.881502677758     1.0252046469526563
Ti     1    4821.756520598129     1.018767906026505
Ni     1    4832.529977081299     1.0193545606324936
Sm     2    4838.011430590429     1.0
Ti     1    4842.232549968105     1.0163468376465377
Fe     1    4845.367381317484     1.009626031354256
Cr     2    4849.590501330725     1.0184663137910657
Ti     2    4850.522548526964     0.9965857339981385
Y      2    4856.217358959939     1.0063110588170796
Ti     2    4866.969511046126     1.026918595471054
Ni     1    4867.629286068777     1.0225171592376572
Ti     2    4875.370739800553     0.9976195971193734
Fe     1    4877.238835417714     0.9975685362236748
Fe     1    4883.50749861639      1.0040235733498681
Y      2    4885.046006832402     1.0144160760501377
Cr     2    4885.974153103399     1.0008055366951503
Fe     1    4892.120884126167     1.0131599862745289
Fe     1    4892.858079747847     1.015651829860898
Fe     1    5653.03740205537      1.0
Fe     1    5653.886328981642     1.0
Sc     2    5659.466220575779     1.0015332656459703
Fe     1    5664.0875559795395    0.9949727172928051
Si     1    5667.126768463639     1.0160025364775125
Sc     2    5668.721694848641     0.9756788160736725
Fe     1    5669.090793523595     0.9993433167159979
Sc     2    5670.628204538431     1.0141319953851082
Fe     1    5680.598770204794     1.0117427194973778
Na     1    5684.210135764635     1.002978759091905
Na     1    5689.783325901822     1.0131198695920525
Si     1    5692.003919652215     1.0141241613138674
Fe     1    5703.126093684245     1.0026697537074045
Mg     1    5712.67244653875      1.0171960045815258
Fe     1    5733.351777140469     1.0097090954254213
Mo     1    5753.003233598317     1.0
Fe     1    5754.725694364557     1.0070797534439389
Ni     1    5756.266106436666     1.0151602748778492
Si     1    5773.7487834999965    1.020748714369996
Fe     1    5776.682068284723     1.0195015047958462
Cr     1    5785.46991952334      1.0216451422522468
Cr     1    5789.524004264603     1.0157706694046142
Si     1    5794.678983613339     1.0233956647162876
Fe     1    5808.334937855258     1.0190272389621227
Fe     1    5810.828105047002     1.0197929302438602
Fe     1    5853.842217745841     1.026387790991177
Ca     1    5859.074618420989     1.0168725362142945
Fe     1    5861.214191182892     1.016395068386849
Fe     1    5863.984932920292     1.0187407154290873
Ti     1    5868.077328493994     1.0
Ca     1    5869.1883259238175    1.0
Ca     1    5869.196328066112     1.0
Fe     1    6483.660928685685     1.0
Ca     1    6495.575329443239     1.0110987674727692
Fe     1    6496.775051753972     1.0085612341647072
Fe     1    6500.734015360068     1.0065684938412864
Fe     2    6517.876921161999     1.0150294393728947
Fe     1    6520.16663637006      1.0071133531208474
Fe     1    6548.046527753324     1.0163458377162653
Ni     1    6588.128999672801     1.0195073695566532
Fe     1    6594.73337474588      1.0146973136502955
Fe     1    6595.690732061377     1.0192365085100747
Fe     1    6599.381424044337     1.020561640250395
Sc     2    6606.425117291336     1.0201184334398865
Fe     1    6610.935029524423     1.0116411255906534
Fe     1    6629.374086067407     1.0212291141181928
Ni     1    6645.484617017192     1.0182322270502449
Fe     1    6679.82895072668      1.0186790308467593
Al     1    6697.87170219246      1.0171522624257547
Al     1    6700.522414966865     1.0018587601594928
Fe     1    6705.416731065437     1.017234248171844
Cr     1    6723.703748749681     1.017356529744631
Fe     1    6727.2123923259205    1.0
Fe     1    6735.0089891072275    1.0
Si     1    7682.383915272238     1.003328742954345
Mg     1    7693.666959557328     1.0041943706927172
K      1    7701.083260605108     1.004630915708881
Fe     1    7712.487037622347     1.0053334372012288
Fe     2    7713.842803447365     1.0055595887304247
Ni     1    7717.714448136995     1.005990135527553
Fe     1    7750.401268486927     0.9958393856215183
Ni     1    7751.022436112898     0.9925213167512618
Fe     1    7753.243035357763     1.0087139841173018
O      1    7774.082659254023     1.0104974274221574
O      1    7776.305259075406     1.011385496446015
O      1    7777.52758895167      1.0110599460918022
Ni     1    7791.07324465637      1.0103873404283323
Ni     1    7799.72557981853      1.0095621197736064
Rb     1    7802.205249061444     1.011600788206534
Al     1    7837.464765789455     1.009164343570893
Al     1    7838.289988531767     1.0104038534136743
Si     1    7852.143727973151     1.0144059139140835
UL     3    4723.47               1.0176869094611298
UL     3    4745.74               1.0172133770173248
UL     3    4749.47               1.0210534229485588
UL     3    4765.26               1.0074717261060346
UL     3    4774.16               1.01392443680816
UL     3    4791.0                0.9909493788563315
UL     3    4808.33               1.0224375108451793
UL     3    4814.84               0.9954441434900491
UL     3    4819.16               1.0140823270219352
UL     3    4825.5                1.0114680777753053
UL     3    4830.74               0.9855172632299669
UL     3    4834.09               1.0121773551299447
UL     3    4840.91               1.0103260546199295
UL     3    4849.61               1.018466209615238
UL     3    4852.85               1.023460495139214
UL     3    5655.46               1.0
UL     3    5677.0                1.012261224325589
UL     3    5693.09               1.0152708578883884
UL     3    5695.25               1.0140455314422898
UL     3    5707.59               1.0132235912133178
UL     3    5708.68               1.0129095501908316
UL     3    5716.69               1.0147533147885424
UL     3    5719.45               1.01459263900783
UL     3    5753.66               1.0198080208728633
UL     3    5792.62               1.0212208856299554
UL     3    6501.47               1.009889337641431
UL     3    6571.05               1.0124099327289486
UL     3    6576.88               1.0218032600713265
UL     3    6706.96               1.0154732952573367
UL     3    6728.57               1.0
UL     3    7716.42               1.005919965118041
UL     3    7725.34               1.0026429589401216
UL     3    7729.78               1.0064027347127111
UL     3    7744.87               1.0087644436572578
UL     3    7782.75               1.0112572605323646
UL     3    7810.04               1.01102873218374
UL     3    7834.36               1.0121675749707684
