#elem  ion  wave                  correction(aperture/stacked)
La     2    4717.759567724955     1.0
Mg     1    4731.351766619823     1.0004915317308964
Fe     1    4734.916110486742     1.0150607628088872
Mn     1    4740.415566878147     1.0216900196211425
Fe     1    4742.8552129917925    1.017397185301487
Fe     1    4747.1273444713015    1.0205519741384839
Ti     1    4759.448408090701     1.0475372491725197
Ti     1    4760.600613316287     1.0437268531838935
Mn     1    4762.837505895204     1.0274970338188107
Ti     2    4765.857005824366     1.0157911372525452
Fe     1    4780.775258460967     1.019562972115066
V      1    4785.804091043368     1.0
Fe     1    4789.165481822721     1.0334125168840573
Fe     1    4790.095328242028     1.0185135822836815
Cr     1    4790.673881566418     0.973075361408921
Ti     2    4799.872619512944     1.0086642712439593
Cr     1    4802.366680566258     0.9743746791781193
Fe     1    4804.222172380227     1.0110244854208346
Fe     1    4809.491669170637     0.9840786824138618
Zn     1    4811.881502677758     1.026423818536334
Ti     1    4821.756520598129     1.0197438355586104
Ni     1    4832.529977081299     1.0205300168096567
Sm     2    4838.011430590429     1.0
Ti     1    4842.232549968105     1.017165550669443
Fe     1    4845.367381317484     1.0099428492280704
Cr     2    4849.590501330725     1.0195657045531112
Ti     2    4850.522548526964     0.9959463320717495
Y      2    4856.217358959939     1.0066325584084073
Ti     2    4866.969511046126     1.0283229108042349
Ni     1    4867.629286068777     1.0236722031015082
Ti     2    4875.370739800553     0.9971582618003293
Fe     1    4877.238835417714     0.9972860419052366
Fe     1    4883.50749861639      1.0042106459048208
Y      2    4885.046006832402     1.0154475456410086
Cr     2    4885.974153103399     1.0015317656978353
Fe     1    4892.120884126167     1.0137710615880624
Fe     1    4892.858079747847     1.0164163254729222
Fe     1    5653.03740205537      1.0
Fe     1    5653.886328981642     1.0
Sc     2    5659.466220575779     1.0015104987693269
Fe     1    5664.0875559795395    0.993480249837867
Si     1    5667.126768463639     1.0184988671386797
Sc     2    5668.721694848641     0.9705001552729696
Fe     1    5669.090793523595     0.9986402670694046
Sc     2    5670.628204538431     1.0164596039874778
Fe     1    5680.598770204794     1.0137379990469035
Na     1    5684.210135764635     1.0031481962931315
Na     1    5689.783325901822     1.0150300318883958
Si     1    5692.003919652215     1.0160327736949106
Fe     1    5703.126093684245     1.002598087237691
Mg     1    5712.67244653875      1.018907440611849
Fe     1    5733.351777140469     1.0101825136914615
Mo     1    5753.003233598317     1.0
Fe     1    5754.725694364557     1.007240178721678
Ni     1    5756.266106436666     1.0156435738117549
Si     1    5773.7487834999965    1.0212659356200195
Fe     1    5776.682068284723     1.0198860483478824
Cr     1    5785.46991952334      1.0220847319987223
Cr     1    5789.524004264603     1.0160463883707767
Si     1    5794.678983613339     1.0238983957492598
Fe     1    5808.334937855258     1.019387903201088
Fe     1    5810.828105047002     1.0201858993891328
Fe     1    5853.842217745841     1.0272606145293195
Ca     1    5859.074618420989     1.0175990114557592
Fe     1    5861.214191182892     1.016983413505148
Fe     1    5863.984932920292     1.0195701472032805
Ti     1    5868.077328493994     1.0
Ca     1    5869.1883259238175    1.0
Ca     1    5869.196328066112     1.0
Fe     1    6483.660928685685     1.0
Ca     1    6495.575329443239     1.0149690342870183
Fe     1    6496.775051753972     1.0115027077913434
Fe     1    6500.734015360068     1.0091943750985375
Fe     2    6517.876921161999     1.0202160668690312
Fe     1    6520.16663637006      1.0088815335600136
Fe     1    6548.046527753324     1.0202746317940525
Ni     1    6588.128999672801     1.0227139677454014
Fe     1    6594.73337474588      1.0163919901655383
Fe     1    6595.690732061377     1.0218391929914215
Fe     1    6599.381424044337     1.0230730504431225
Sc     2    6606.425117291336     1.0221413320727752
Fe     1    6610.935029524423     1.0124185985377572
Fe     1    6629.374086067407     1.0227430736558545
Ni     1    6645.484617017192     1.019304635347839
Fe     1    6679.82895072668      1.0199289855618554
Al     1    6697.87170219246      1.0187487475307904
Al     1    6700.522414966865     1.0015470385287526
Fe     1    6705.416731065437     1.018658525199998
Cr     1    6723.703748749681     1.0193455712005643
Fe     1    6727.2123923259205    1.0
Fe     1    6735.0089891072275    1.0
Si     1    7682.383915272238     1.0050216402962253
Mg     1    7693.666959557328     1.0059244529522542
K      1    7701.083260605108     1.0062203458224819
Fe     1    7712.487037622347     1.006830394402187
Fe     2    7713.842803447365     1.0070810865182205
Ni     1    7717.714448136995     1.0075146613260706
Fe     1    7750.401268486927     0.9949098919714502
Ni     1    7751.022436112898     0.991013074581354
Fe     1    7753.243035357763     1.0099720184114622
O      1    7774.082659254023     1.0119111272732997
O      1    7776.305259075406     1.0129045557340106
O      1    7777.52758895167      1.0125685373652327
Ni     1    7791.07324465637      1.0113814496279283
Ni     1    7799.72557981853      1.0104201188951643
Rb     1    7802.205249061444     1.012765150883416
Al     1    7837.464765789455     1.0101206937702185
Al     1    7838.289988531767     1.0112700322264272
Si     1    7852.143727973151     1.0153866960056963
UL     3    4723.47               1.0227826545769172
UL     3    4745.74               1.0198015289765967
UL     3    4749.47               1.0239638526588661
UL     3    4765.26               1.0079117237403636
UL     3    4774.16               1.014635267842602
UL     3    4791.0                0.9898117431484715
UL     3    4808.33               1.0234443620125007
UL     3    4814.84               0.994848574713061
UL     3    4819.16               1.0148030332708795
UL     3    4825.5                1.012002973527342
UL     3    4830.74               0.9841649875519344
UL     3    4834.09               1.0127809854716212
UL     3    4840.91               1.010720046030777
UL     3    4849.61               1.0195655957088696
UL     3    4852.85               1.0252088229387186
UL     3    5655.46               1.0
UL     3    5677.0                1.0144443626273494
UL     3    5693.09               1.0173980241616245
UL     3    5695.25               1.0157049165035865
UL     3    5707.59               1.0147804281715713
UL     3    5708.68               1.0141875053376126
UL     3    5716.69               1.0159745890130252
UL     3    5719.45               1.0157443031379616
UL     3    5753.66               1.020459852568647
UL     3    5792.62               1.0216572146770326
UL     3    6501.47               1.0134552086839301
UL     3    6571.05               1.0144698461288157
UL     3    6576.88               1.0256804051183117
UL     3    6706.96               1.0168048899941224
UL     3    6728.57               1.0
UL     3    7716.42               1.0075067318844888
UL     3    7725.34               1.0031428034578689
UL     3    7729.78               1.0077249405657283
UL     3    7744.87               1.0102895585988216
UL     3    7782.75               1.0125107926461547
UL     3    7810.04               1.0119365836951595
UL     3    7834.36               1.0130822138532003
