#elem  ion  wave                  correction(aperture/stacked)
La     2    4717.759567724955     1.0
Mg     1    4731.351766619823     1.0006500841172794
Fe     1    4734.916110486742     1.0143068783222422
Mn     1    4740.415566878147     1.0207448294607344
Fe     1    4742.8552129917925    1.0166914223210555
Fe     1    4747.1273444713015    1.0198419015757572
Ti     1    4759.448408090701     1.0464990073656182
Ti     1    4760.600613316287     1.0428499355624932
Mn     1    4762.837505895204     1.0269812075880829
Ti     2    4765.857005824366     1.0153555418928852
Fe     1    4780.775258460967     1.019344049270806
V      1    4785.804091043368     1.0
Fe     1    4789.165481822721     1.0330570891168716
Fe     1    4790.095328242028     1.018314269170156
Cr     1    4790.673881566418     0.9735173828555747
Ti     2    4799.872619512944     1.0086077915980947
Cr     1    4802.366680566258     0.9746403181846033
Fe     1    4804.222172380227     1.0108790442912359
Fe     1    4809.491669170637     0.9842162308140783
Zn     1    4811.881502677758     1.026235675979032
Ti     1    4821.756520598129     1.0196384112420547
Ni     1    4832.529977081299     1.0204026624855411
Sm     2    4838.011430590429     1.0
Ti     1    4842.232549968105     1.0170690840457035
Fe     1    4845.367381317484     1.0099052221221194
Cr     2    4849.590501330725     1.019422312170227
Ti     2    4850.522548526964     0.9960403769355954
Y      2    4856.217358959939     1.0065844760918197
Ti     2    4866.969511046126     1.0280646859062532
Ni     1    4867.629286068777     1.0234575998888154
Ti     2    4875.370739800553     0.9972539659215012
Fe     1    4877.238835417714     0.9973462141600639
Fe     1    4883.50749861639      1.0041643527188093
Y      2    4885.046006832402     1.0151691807885102
Cr     2    4885.974153103399     1.0013463415241832
Fe     1    4892.120884126167     1.0136042819887456
Fe     1    4892.858079747847     1.0162035405269658
Fe     1    5653.03740205537      1.0
Fe     1    5653.886328981642     1.0
Sc     2    5659.466220575779     1.001531595428488
Fe     1    5664.0875559795395    0.9939919589044056
Si     1    5667.126768463639     1.0177100179014236
Sc     2    5668.721694848641     0.9722268548016866
Fe     1    5669.090793523595     0.9988994900734495
Sc     2    5670.628204538431     1.0157058792762441
Fe     1    5680.598770204794     1.013073056782494
Na     1    5684.210135764635     1.0031010655159895
Na     1    5689.783325901822     1.0144003984848287
Si     1    5692.003919652215     1.0153974952092393
Fe     1    5703.126093684245     1.0026390904588671
Mg     1    5712.67244653875      1.0183526640247134
Fe     1    5733.351777140469     1.0100277986095136
Mo     1    5753.003233598317     1.0
Fe     1    5754.725694364557     1.007189393469407
Ni     1    5756.266106436666     1.0155172534350592
Si     1    5773.7487834999965    1.0211478146533983
Fe     1    5776.682068284723     1.019798112360261
Cr     1    5785.46991952334      1.0219923049324262
Cr     1    5789.524004264603     1.0159902827612597
Si     1    5794.678983613339     1.0237924901991649
Fe     1    5808.334937855258     1.0192696593323314
Fe     1    5810.828105047002     1.020058701951922
Fe     1    5853.842217745841     1.0269576451380842
Ca     1    5859.074618420989     1.017315972206255
Fe     1    5861.214191182892     1.0167579190538654
Fe     1    5863.984932920292     1.019248982286413
Ti     1    5868.077328493994     1.0
Ca     1    5869.1883259238175    1.0
Ca     1    5869.196328066112     1.0
Fe     1    6483.660928685685     1.0
Ca     1    6495.575329443239     1.0129734185887103
Fe     1    6496.775051753972     1.010015130935641
Fe     1    6500.734015360068     1.0079235998564955
Fe     2    6517.876921161999     1.01814883373252
Fe     1    6520.16663637006      1.0082478391432614
Fe     1    6548.046527753324     1.0190077400689008
Ni     1    6588.128999672801     1.021653308403948
Fe     1    6594.73337474588      1.0158372593665432
Fe     1    6595.690732061377     1.0209887486783185
Fe     1    6599.381424044337     1.0222483475487525
Sc     2    6606.425117291336     1.021457817896492
Fe     1    6610.935029524423     1.012157288866286
Fe     1    6629.374086067407     1.02211921576807
Ni     1    6645.484617017192     1.0188010719593208
Fe     1    6679.82895072668      1.019291115519433
Al     1    6697.87170219246      1.0180379055925288
Al     1    6700.522414966865     1.0016931852563213
Fe     1    6705.416731065437     1.0180822341398466
Cr     1    6723.703748749681     1.0186827534593226
Fe     1    6727.2123923259205    1.0
Fe     1    6735.0089891072275    1.0
Si     1    7682.383915272238     1.0046765842987178
Mg     1    7693.666959557328     1.0055902567720651
K      1    7701.083260605108     1.0059383039795846
Fe     1    7712.487037622347     1.0065677326064477
Fe     2    7713.842803447365     1.0068155552259495
Ni     1    7717.714448136995     1.0072625446413892
Fe     1    7750.401268486927     0.9950752265977696
Ni     1    7751.022436112898     0.9912781033428166
Fe     1    7753.243035357763     1.0097613886782602
O      1    7774.082659254023     1.011650694639641
O      1    7776.305259075406     1.0126218108257026
O      1    7777.52758895167      1.0122758621442087
Ni     1    7791.07324465637      1.0111880545336787
Ni     1    7799.72557981853      1.0102345150401943
Rb     1    7802.205249061444     1.012525122690244
Al     1    7837.464765789455     1.0099011615661464
Al     1    7838.289988531767     1.0110721728798064
Si     1    7852.143727973151     1.0151523673152982
UL     3    4723.47               1.0211950212954641
UL     3    4745.74               1.019068789133184
UL     3    4749.47               1.0231354559690886
UL     3    4765.26               1.007774509482811
UL     3    4774.16               1.0144769610197901
UL     3    4791.0                0.9900347363918903
UL     3    4808.33               1.023315977507817
UL     3    4814.84               0.9949224814081209
UL     3    4819.16               1.0147227762056135
UL     3    4825.5                1.0119469114613036
UL     3    4830.74               0.9843131533766188
UL     3    4834.09               1.0127158378085028
UL     3    4840.91               1.0106753735016016
UL     3    4849.61               1.0194222039208902
UL     3    4852.85               1.024970793375416
UL     3    5655.46               1.0
UL     3    5677.0                1.0137205596188545
UL     3    5693.09               1.0167077465577599
UL     3    5695.25               1.015180756830618
UL     3    5707.59               1.0142616169770673
UL     3    5708.68               1.0137614289884946
UL     3    5716.69               1.015585254321715
UL     3    5719.45               1.0153781151578916
UL     3    5753.66               1.020280299563137
UL     3    5792.62               1.0215657864365275
UL     3    6501.47               1.0117657413768093
UL     3    6571.05               1.013846509744425
UL     3    6576.88               1.0245158644565733
UL     3    6706.96               1.0162751831839663
UL     3    6728.57               1.0
UL     3    7716.42               1.0072430083057433
UL     3    7725.34               1.0030650532951728
UL     3    7729.78               1.007499625253677
UL     3    7744.87               1.010025659054327
UL     3    7782.75               1.0122723184859461
UL     3    7810.04               1.011747518536205
UL     3    7834.36               1.012875960012254
