#elem  ion  wave                  correction(aperture/stacked)
La     2    4717.759567724955     1.0
Mg     1    4731.351766619823     1.0008266336421523
Fe     1    4734.916110486742     1.013429346097696
Mn     1    4740.415566878147     1.0196490173900512
Fe     1    4742.8552129917925    1.0159232037142354
Fe     1    4747.1273444713015    1.0191124204062627
Ti     1    4759.448408090701     1.0455170262871687
Ti     1    4760.600613316287     1.0420149139334187
Mn     1    4762.837505895204     1.0265586808879121
Ti     2    4765.857005824366     1.0150190854919112
Fe     1    4780.775258460967     1.0191779243742967
V      1    4785.804091043368     1.0
Fe     1    4789.165481822721     1.0327313835140801
Fe     1    4790.095328242028     1.0181251608674347
Cr     1    4790.673881566418     0.9739408418332058
Ti     2    4799.872619512944     1.0085230933717129
Cr     1    4802.366680566258     0.9750917819119828
Fe     1    4804.222172380227     1.0106023938424253
Fe     1    4809.491669170637     0.9845411006664858
Zn     1    4811.881502677758     1.0258060641415765
Ti     1    4821.756520598129     1.0191547183406071
Ni     1    4832.529977081299     1.0196459239490203
Sm     2    4838.011430590429     1.0
Ti     1    4842.232549968105     1.0164513085523257
Fe     1    4845.367381317484     1.0096559638804723
Cr     2    4849.590501330725     1.0185462712214364
Ti     2    4850.522548526964     0.9965806823740756
Y      2    4856.217358959939     1.0063065655419405
Ti     2    4866.969511046126     1.0267986451763829
Ni     1    4867.629286068777     1.0224149754532508
Ti     2    4875.370739800553     0.9976715626679924
Fe     1    4877.238835417714     0.9976028600428448
Fe     1    4883.50749861639      1.0040020903722624
Y      2    4885.046006832402     1.014285094078609
Cr     2    4885.974153103399     1.0007116119579011
Fe     1    4892.120884126167     1.0130861150619364
Fe     1    4892.858079747847     1.015560672355337
Fe     1    5653.03740205537      1.0
Fe     1    5653.886328981642     1.0
Sc     2    5659.466220575779     1.0015353791478665
Fe     1    5664.0875559795395    0.9945660563836322
Si     1    5667.126768463639     1.0167604060523419
Sc     2    5668.721694848641     0.9741100300456326
Fe     1    5669.090793523595     0.9991429786613338
Sc     2    5670.628204538431     1.0148954419469602
Fe     1    5680.598770204794     1.012472976157237
Na     1    5684.210135764635     1.0030608113595783
Na     1    5689.783325901822     1.0139377967894152
Si     1    5692.003919652215     1.014955950655077
Fe     1    5703.126093684245     1.002655553675006
Mg     1    5712.67244653875      1.0181293310022201
Fe     1    5733.351777140469     1.0100121913315907
Mo     1    5753.003233598317     1.0
Fe     1    5754.725694364557     1.0071886933191712
Ni     1    5756.266106436666     1.0155142633026415
Si     1    5773.7487834999965    1.0211146483948548
Fe     1    5776.682068284723     1.0197661778920473
Cr     1    5785.46991952334      1.0219164274240315
Cr     1    5789.524004264603     1.0159456867489625
Si     1    5794.678983613339     1.0236896191819966
Fe     1    5808.334937855258     1.0191740695539309
Fe     1    5810.828105047002     1.0199481492926195
Fe     1    5853.842217745841     1.0265945351397339
Ca     1    5859.074618420989     1.017036908681239
Fe     1    5861.214191182892     1.016529736111967
Fe     1    5863.984932920292     1.018939468451051
Ti     1    5868.077328493994     1.0
Ca     1    5869.1883259238175    1.0
Ca     1    5869.196328066112     1.0
Fe     1    6483.660928685685     1.0
Ca     1    6495.575329443239     1.012864147602683
Fe     1    6496.775051753972     1.0099112213095505
Fe     1    6500.734015360068     1.007770675837441
Fe     2    6517.876921161999     1.017476394883629
Fe     1    6520.16663637006      1.008010278173343
Fe     1    6548.046527753324     1.0182406362379663
Ni     1    6588.128999672801     1.021066206161501
Fe     1    6594.73337474588      1.0155379066676085
Fe     1    6595.690732061377     1.0205154048438663
Fe     1    6599.381424044337     1.021808629735832
Sc     2    6606.425117291336     1.021131513688893
Fe     1    6610.935029524423     1.0120420252832718
Fe     1    6629.374086067407     1.021948011785209
Ni     1    6645.484617017192     1.0186974797762256
Fe     1    6679.82895072668      1.0189590167667766
Al     1    6697.87170219246      1.0174091287157723
Al     1    6700.522414966865     1.001828076267117
Fe     1    6705.416731065437     1.0174358242065935
Cr     1    6723.703748749681     1.0176238815623477
Fe     1    6727.2123923259205    1.0
Fe     1    6735.0089891072275    1.0
Si     1    7682.383915272238     1.0039000942080907
Mg     1    7693.666959557328     1.004835811046449
K      1    7701.083260605108     1.0052472717778187
Fe     1    7712.487037622347     1.0059648465350934
Fe     2    7713.842803447365     1.00620616463571
Ni     1    7717.714448136995     1.0066440894917343
Fe     1    7750.401268486927     0.9954063024278403
Ni     1    7751.022436112898     0.9918172537290688
Fe     1    7753.243035357763     1.009304243580782
O      1    7774.082659254023     1.0111407417361165
O      1    7776.305259075406     1.0120690215150394
O      1    7777.52758895167      1.0117291933471588
Ni     1    7791.07324465637      1.0108000462594655
Ni     1    7799.72557981853      1.0098770650437954
Rb     1    7802.205249061444     1.0120148640548576
Al     1    7837.464765789455     1.0093180833430342
Al     1    7838.289988531767     1.0105387368425744
Si     1    7852.143727973151     1.0144763252847135
UL     3    4723.47               1.0190465956108148
UL     3    4745.74               1.0183012590416538
UL     3    4749.47               1.0223215514032382
UL     3    4765.26               1.0076650873400632
UL     3    4774.16               1.0143591777156216
UL     3    4791.0                0.990249924011488
UL     3    4808.33               1.0229657165511694
UL     3    4814.84               0.9951653279079313
UL     3    4819.16               1.014391303139412
UL     3    4825.5                1.0116546285397658
UL     3    4830.74               0.9851552135544844
UL     3    4834.09               1.0123158418210652
UL     3    4840.91               1.0103835429282486
UL     3    4849.61               1.0185461667340734
UL     3    4852.85               1.023562008373188
UL     3    5655.46               1.0
UL     3    5677.0                1.0130220814864592
UL     3    5693.09               1.016207148011127
UL     3    5695.25               1.01480164252539
UL     3    5707.59               1.0140335817699777
UL     3    5708.68               1.0135813477691167
UL     3    5716.69               1.015462102807182
UL     3    5719.45               1.0152763768404403
UL     3    5753.66               1.020277703934369
UL     3    5792.62               1.021483411094712
UL     3    6501.47               1.011536559538164
UL     3    6571.05               1.013434972676841
UL     3    6576.88               1.0237266503077385
UL     3    6706.96               1.0156592426878936
UL     3    6728.57               1.0
UL     3    7716.42               1.006595163879451
UL     3    7725.34               1.0028779583168037
UL     3    7729.78               1.007008165178187
UL     3    7744.87               1.0094835634751438
UL     3    7782.75               1.0117905095573436
UL     3    7810.04               1.0113202434474502
UL     3    7834.36               1.0123327713960393
