#elem  ion  wave                  correction(aperture/stacked)
La     2    4717.759567724955     1.0
Mg     1    4731.351766619823     1.000761334736233
Fe     1    4734.916110486742     1.013637498817338
Mn     1    4740.415566878147     1.0195566060264347
Fe     1    4742.8552129917925    1.0156930442128396
Fe     1    4747.1273444713015    1.018645481410427
Ti     1    4759.448408090701     1.0433626134758618
Ti     1    4760.600613316287     1.0400312800234293
Mn     1    4762.837505895204     1.0251754516952067
Ti     2    4765.857005824366     1.0140422000495584
Fe     1    4780.775258460967     1.017777435503913
V      1    4785.804091043368     1.0
Fe     1    4789.165481822721     1.0295974291281664
Fe     1    4790.095328242028     1.016267025326345
Cr     1    4790.673881566418     0.9777693140776215
Ti     2    4799.872619512944     1.0077206446040456
Cr     1    4802.366680566258     0.9788026878034961
Fe     1    4804.222172380227     1.0081913462038554
Fe     1    4809.491669170637     0.9870082186159954
Zn     1    4811.881502677758     1.0227528558044519
Ti     1    4821.756520598129     1.0162748061909026
Ni     1    4832.529977081299     1.0164322271570954
Sm     2    4838.011430590429     1.0
Ti     1    4842.232549968105     1.0140668006979616
Fe     1    4845.367381317484     1.0085764515801676
Cr     2    4849.590501330725     1.0155741991213632
Ti     2    4850.522548526964     0.9980054016555827
Y      2    4856.217358959939     1.0053662113427007
Ti     2    4866.969511046126     1.0227895614390397
Ni     1    4867.629286068777     1.0191119702162377
Ti     2    4875.370739800553     0.998675429415195
Fe     1    4877.238835417714     0.9982839959599716
Fe     1    4883.50749861639      1.0035204438005203
Y      2    4885.046006832402     1.0114498905321214
Cr     2    4885.974153103399     0.9987378234107809
Fe     1    4892.120884126167     1.0113628807318906
Fe     1    4892.858079747847     1.0134234881176223
Fe     1    5653.03740205537      1.0
Fe     1    5653.886328981642     1.0
Sc     2    5659.466220575779     1.001526888654419
Fe     1    5664.0875559795395    0.9953379581953733
Si     1    5667.126768463639     1.01514633637163
Sc     2    5668.721694848641     0.977410190941515
Fe     1    5669.090793523595     0.9995293355471748
Sc     2    5670.628204538431     1.013225175500377
Fe     1    5680.598770204794     1.0107519747176446
Na     1    5684.210135764635     1.002813761774722
Na     1    5689.783325901822     1.011611825374729
Si     1    5692.003919652215     1.0124669768144812
Fe     1    5703.126093684245     1.0026208683284727
Mg     1    5712.67244653875      1.0148126293990898
Fe     1    5733.351777140469     1.0086895590141574
Mo     1    5753.003233598317     1.0
Fe     1    5754.725694364557     1.0066204796718803
Ni     1    5756.266106436666     1.013809952975057
Si     1    5773.7487834999965    1.0190864909941022
Fe     1    5776.682068284723     1.0181560125195293
Cr     1    5785.46991952334      1.0201714298903588
Cr     1    5789.524004264603     1.01482550869659
Si     1    5794.678983613339     1.0217230591713948
Fe     1    5808.334937855258     1.017949080441601
Fe     1    5810.828105047002     1.0186331317790944
Fe     1    5853.842217745841     1.024325074722503
Ca     1    5859.074618420989     1.0152510664373229
Fe     1    5861.214191182892     1.0150034019363674
Fe     1    5863.984932920292     1.0169433241191648
Ti     1    5868.077328493994     1.0
Ca     1    5869.1883259238175    1.0
Ca     1    5869.196328066112     1.0
Fe     1    6483.660928685685     1.0
Ca     1    6495.575329443239     1.0107648926278647
Fe     1    6496.775051753972     1.0083183531734181
Fe     1    6500.734015360068     1.0063882079435844
Fe     2    6517.876921161999     1.014875125354668
Fe     1    6520.16663637006      1.0070608712474864
Fe     1    6548.046527753324     1.0162410960900077
Ni     1    6588.128999672801     1.0189329273331689
Fe     1    6594.73337474588      1.0142722281770926
Fe     1    6595.690732061377     1.0186388127355732
Fe     1    6599.381424044337     1.0198339098164888
Sc     2    6606.425117291336     1.0193463620436463
Fe     1    6610.935029524423     1.0112646781364476
Fe     1    6629.374086067407     1.020051033693989
Ni     1    6645.484617017192     1.0169452134000865
Fe     1    6679.82895072668      1.016501083824439
Al     1    6697.87170219246      1.0147600048462588
Al     1    6700.522414966865     1.0021511930514935
Fe     1    6705.416731065437     1.0151462617574312
Cr     1    6723.703748749681     1.0151517207558831
Fe     1    6727.2123923259205    1.0
Fe     1    6735.0089891072275    1.0
Si     1    7682.383915272238     1.001630782988734
Mg     1    7693.666959557328     1.0022871831109308
K      1    7701.083260605108     1.0027020176648913
Fe     1    7712.487037622347     1.0033906424387828
Fe     2    7713.842803447365     1.0035651090465108
Ni     1    7717.714448136995     1.003916489424442
Fe     1    7750.401268486927     0.9971368425442736
Ni     1    7751.022436112898     0.9947026671082533
Fe     1    7753.243035357763     1.0066503176738073
O      1    7774.082659254023     1.0082061322207354
O      1    7776.305259075406     1.0088998876015416
O      1    7777.52758895167      1.0086284468160587
Ni     1    7791.07324465637      1.0084971192343475
Ni     1    7799.72557981853      1.0078687280998002
Rb     1    7802.205249061444     1.009374130593128
Al     1    7837.464765789455     1.006994141053595
Al     1    7838.289988531767     1.0083982546239465
Si     1    7852.143727973151     1.01199533626147
UL     3    4723.47               1.0204916267254713
UL     3    4745.74               1.0179124096379482
UL     3    4749.47               1.0216000890614056
UL     3    4765.26               1.0074072392138658
UL     3    4774.16               1.0135676764600354
UL     3    4791.0                0.992135596350408
UL     3    4808.33               1.0205630811537891
UL     3    4814.84               0.9965419956902463
UL     3    4819.16               1.0123237685581996
UL     3    4825.5                1.0100257298769564
UL     3    4830.74               0.9885500698721743
UL     3    4834.09               1.0105690021312566
UL     3    4840.91               1.0091297058033686
UL     3    4849.61               1.0155741086946923
UL     3    4852.85               1.01881675453511
UL     3    5655.46               1.0
UL     3    5677.0                1.0112809151676345
UL     3    5693.09               1.0133975157376196
UL     3    5695.25               1.0124341055035897
UL     3    5707.59               1.0113386659321009
UL     3    5708.68               1.011224210210539
UL     3    5716.69               1.0128750842338474
UL     3    5719.45               1.0127402866059851
UL     3    5753.66               1.0179987729557196
UL     3    5792.62               1.0197595794791183
UL     3    6501.47               1.0096504289592945
UL     3    6571.05               1.012228260539648
UL     3    6576.88               1.0213528063812685
UL     3    6706.96               1.0135687545369785
UL     3    6728.57               1.0
UL     3    7716.42               1.0038040023074404
UL     3    7725.34               1.0018657388917263
UL     3    7729.78               1.0044912296643445
UL     3    7744.87               1.0064456232957222
UL     3    7782.75               1.0090100597102607
UL     3    7810.04               1.0091615976360881
UL     3    7834.36               1.0100967504660472
