#elem  ion  wave                  correction(aperture/stacked)
La     2    4717.759567724955     1.0
Mg     1    4731.351766619823     1.0007683470844688
Fe     1    4734.916110486742     1.0136113003745395
Mn     1    4740.415566878147     1.0195557439427583
Fe     1    4742.8552129917925    1.015707468758918
Fe     1    4747.1273444713015    1.0186916279005245
Ti     1    4759.448408090701     1.0436630635041164
Ti     1    4760.600613316287     1.0403153440541932
Mn     1    4762.837505895204     1.0253739860293436
Ti     2    4765.857005824366     1.0141862528765746
Fe     1    4780.775258460967     1.0180492358870359
V      1    4785.804091043368     1.0
Fe     1    4789.165481822721     1.0302699083340325
Fe     1    4790.095328242028     1.016674028739034
Cr     1    4790.673881566418     0.9769523483046112
Ti     2    4799.872619512944     1.0079184009540776
Cr     1    4802.366680566258     0.9778908399937138
Fe     1    4804.222172380227     1.0088139931017537
Fe     1    4809.491669170637     0.9863569274946694
Zn     1    4811.881502677758     1.0236293066044992
Ti     1    4821.756520598129     1.0171300211909413
Ni     1    4832.529977081299     1.01740162626664
Sm     2    4838.011430590429     1.0
Ti     1    4842.232549968105     1.0148107803257138
Fe     1    4845.367381317484     1.0089273617003591
Cr     2    4849.590501330725     1.0164731534735398
Ti     2    4850.522548526964     0.9976158982212299
Y      2    4856.217358959939     1.0056526728685562
Ti     2    4866.969511046126     1.0238514962329976
Ni     1    4867.629286068777     1.0199812537499255
Ti     2    4875.370739800553     0.9984682865730541
Fe     1    4877.238835417714     0.9981407254567549
Fe     1    4883.50749861639      1.0036151025239548
Y      2    4885.046006832402     1.011988140712609
Cr     2    4885.974153103399     0.9990996610408083
Fe     1    4892.120884126167     1.0116466458108293
Fe     1    4892.858079747847     1.01376157586115
Fe     1    5653.03740205537      1.0
Fe     1    5653.886328981642     1.0
Sc     2    5659.466220575779     1.0015300435110321
Fe     1    5664.0875559795395    0.9952161226405677
Si     1    5667.126768463639     1.0153906096856087
Sc     2    5668.721694848641     0.9769329875687343
Fe     1    5669.090793523595     0.999476686010239
Sc     2    5670.628204538431     1.0134627449081381
Fe     1    5680.598770204794     1.0109621167992773
Na     1    5684.210135764635     1.0028590031706974
Na     1    5689.783325901822     1.0119128780966353
Si     1    5692.003919652215     1.012793245983698
Fe     1    5703.126093684245     1.0026368658192348
Mg     1    5712.67244653875      1.0152691509113623
Fe     1    5733.351777140469     1.0088940179002421
Mo     1    5753.003233598317     1.0
Fe     1    5754.725694364557     1.0067224693146837
Ni     1    5756.266106436666     1.0140900198917848
Si     1    5773.7487834999965    1.01938681531915
Fe     1    5776.682068284723     1.0183907891448085
Cr     1    5785.46991952334      1.0203929872553705
Cr     1    5789.524004264603     1.0149561359226351
Si     1    5794.678983613339     1.0219147688458186
Fe     1    5808.334937855258     1.0179965238776747
Fe     1    5810.828105047002     1.0186662810742433
Fe     1    5853.842217745841     1.0236773848069332
Ca     1    5859.074618420989     1.0147191941091445
Fe     1    5861.214191182892     1.0144984531152428
Fe     1    5863.984932920292     1.0162708690269768
Ti     1    5868.077328493994     1.0
Ca     1    5869.1883259238175    1.0
Ca     1    5869.196328066112     1.0
Fe     1    6483.660928685685     1.0
Ca     1    6495.575329443239     1.0125197807349997
Fe     1    6496.775051753972     1.0096411505398608
Fe     1    6500.734015360068     1.007503607212171
Fe     2    6517.876921161999     1.0166960987513944
Fe     1    6520.16663637006      1.0077202598432407
Fe     1    6548.046527753324     1.0172530891133769
Ni     1    6588.128999672801     1.0195446716629208
Fe     1    6594.73337474588      1.0146171152420953
Fe     1    6595.690732061377     1.0191032996252514
Fe     1    6599.381424044337     1.0203232955824784
Sc     2    6606.425117291336     1.0197516654418741
Fe     1    6610.935029524423     1.0114401347299447
Fe     1    6629.374086067407     1.0203429624595814
Ni     1    6645.484617017192     1.0171654045390655
Fe     1    6679.82895072668      1.016728015089399
Al     1    6697.87170219246      1.0149768187277006
Al     1    6700.522414966865     1.0021324175132407
Fe     1    6705.416731065437     1.015356190324978
Cr     1    6723.703748749681     1.0153354604992966
Fe     1    6727.2123923259205    1.0
Fe     1    6735.0089891072275    1.0
Si     1    7682.383915272238     1.0019676235748716
Mg     1    7693.666959557328     1.0026220916050936
K      1    7701.083260605108     1.0030216451357885
Fe     1    7712.487037622347     1.0036868166992041
Fe     2    7713.842803447365     1.0038662719169973
Ni     1    7717.714448136995     1.0042181073268617
Fe     1    7750.401268486927     0.9970020683688525
Ni     1    7751.022436112898     0.9944746437740514
Fe     1    7753.243035357763     1.006869255043572
O      1    7774.082659254023     1.0083873223409145
O      1    7776.305259075406     1.0091015474003666
O      1    7777.52758895167      1.0088178957874165
Ni     1    7791.07324465637      1.0086263446286314
Ni     1    7799.72557981853      1.0079715007423513
Rb     1    7802.205249061444     1.0095025021793949
Al     1    7837.464765789455     1.0070705361270764
Al     1    7838.289988531767     1.0084686502072433
Si     1    7852.143727973151     1.0120672232192884
UL     3    4723.47               1.0203824193082656
UL     3    4745.74               1.0179481074640138
UL     3    4749.47               1.0216780946171677
UL     3    4765.26               1.007444090857821
UL     3    4774.16               1.0137081062072237
UL     3    4791.0                0.9917368303063148
UL     3    4808.33               1.0212132921273709
UL     3    4814.84               0.9961967133679647
UL     3    4819.16               1.012926534609234
UL     3    4825.5                1.010523325063777
UL     3    4830.74               0.9875651043587991
UL     3    4834.09               1.0111086039335933
UL     3    4840.91               1.009530083479533
UL     3    4849.61               1.0164730585806059
UL     3    4852.85               1.0202765056956593
UL     3    5655.46               1.0
UL     3    5677.0                1.0115007545166526
UL     3    5693.09               1.0137611960631696
UL     3    5695.25               1.0127338366887846
UL     3    5707.59               1.011683117800743
UL     3    5708.68               1.0115349090239976
UL     3    5716.69               1.013231728063693
UL     3    5719.45               1.013094127020694
UL     3    5753.66               1.0183599697140817
UL     3    5792.62               1.0199405369462173
UL     3    6501.47               1.0111677859956418
UL     3    6571.05               1.0126856794098469
UL     3    6576.88               1.0221679079325403
UL     3    6706.96               1.013757871370605
UL     3    6728.57               1.0
UL     3    7716.42               1.004107121979568
UL     3    7725.34               1.0019850409716327
UL     3    7729.78               1.004744852334675
UL     3    7744.87               1.0067116529314135
UL     3    7782.75               1.009179153985917
UL     3    7810.04               1.0092597053579506
UL     3    7834.36               1.0101729420070753
