#elem  ion  wave                  correction(aperture/stacked)
La     2    4717.759567724955     1.0
Mg     1    4731.351766619823     1.0004865631822752
Fe     1    4734.916110486742     1.0150732812440302
Mn     1    4740.415566878147     1.0216870140335332
Fe     1    4742.8552129917925    1.0173864307037097
Fe     1    4747.1273444713015    1.020523635478452
Ti     1    4759.448408090701     1.0473802931855627
Ti     1    4760.600613316287     1.0435815468841736
Mn     1    4762.837505895204     1.0273964975165317
Ti     2    4765.857005824366     1.0156852698350833
Fe     1    4780.775258460967     1.019437581444292
V      1    4785.804091043368     1.0
Fe     1    4789.165481822721     1.0331035742629158
Fe     1    4790.095328242028     1.0183328803000955
Cr     1    4790.673881566418     0.9734876600744276
Ti     2    4799.872619512944     1.0085854701902859
Cr     1    4802.366680566258     0.9747830686319489
Fe     1    4804.222172380227     1.010784534535099
Fe     1    4809.491669170637     0.9843277746470194
Zn     1    4811.881502677758     1.0260698918429143
Ti     1    4821.756520598129     1.0194741952553565
Ni     1    4832.529977081299     1.0202145970040777
Sm     2    4838.011430590429     1.0
Ti     1    4842.232549968105     1.0169741719875778
Fe     1    4845.367381317484     1.009875452686942
Cr     2    4849.590501330725     1.019348099971156
Ti     2    4850.522548526964     0.9960833966167909
Y      2    4856.217358959939     1.0065779949404745
Ti     2    4866.969511046126     1.0281594299647918
Ni     1    4867.629286068777     1.0235413061598433
Ti     2    4875.370739800553     0.9971920883756601
Fe     1    4877.238835417714     0.9973042090888572
Fe     1    4883.50749861639      1.004203743943788
Y      2    4885.046006832402     1.0154178148793094
Cr     2    4885.974153103399     1.0015132595149558
Fe     1    4892.120884126167     1.0137714006448741
Fe     1    4892.858079747847     1.016419132907034
Fe     1    5653.03740205537      1.0
Fe     1    5653.886328981642     1.0
Sc     2    5659.466220575779     1.001506270559024
Fe     1    5664.0875559795395    0.9934160675236671
Si     1    5667.126768463639     1.018575843644068
Sc     2    5668.721694848641     0.9703513313212305
Fe     1    5669.090793523595     0.9986180218952446
Sc     2    5670.628204538431     1.0165099093878958
Fe     1    5680.598770204794     1.013726056465061
Na     1    5684.210135764635     1.0031466736563388
Na     1    5689.783325901822     1.0149685841169627
Si     1    5692.003919652215     1.0159594019101459
Fe     1    5703.126093684245     1.002608031166442
Mg     1    5712.67244653875      1.0187429816837774
Fe     1    5733.351777140469     1.0101175319168991
Mo     1    5753.003233598317     1.0
Fe     1    5754.725694364557     1.007203570081612
Ni     1    5756.266106436666     1.0155594331325086
Si     1    5773.7487834999965    1.0211629566745155
Fe     1    5776.682068284723     1.0198057742534934
Cr     1    5785.46991952334      1.021988786650343
Cr     1    5789.524004264603     1.015985006088877
Si     1    5794.678983613339     1.0237753880213163
Fe     1    5808.334937855258     1.0192484383882716
Fe     1    5810.828105047002     1.0200335187637288
Fe     1    5853.842217745841     1.0268632146228416
Ca     1    5859.074618420989     1.0172382175980441
Fe     1    5861.214191182892     1.0166951435070943
Fe     1    5863.984932920292     1.0191651623952036
Ti     1    5868.077328493994     1.0
Ca     1    5869.1883259238175    1.0
Ca     1    5869.196328066112     1.0
Fe     1    6483.660928685685     1.0
Ca     1    6495.575329443239     1.0149485443541255
Fe     1    6496.775051753972     1.0114870184422244
Fe     1    6500.734015360068     1.0091786262022895
Fe     2    6517.876921161999     1.020161791687533
Fe     1    6520.16663637006      1.0088645441730208
Fe     1    6548.046527753324     1.020181347665367
Ni     1    6588.128999672801     1.022531401563196
Fe     1    6594.73337474588      1.0162878477928774
Fe     1    6595.690732061377     1.0216746583439462
Fe     1    6599.381424044337     1.0229006245252514
Sc     2    6606.425117291336     1.0219870998521683
Fe     1    6610.935029524423     1.0123596714716472
Fe     1    6629.374086067407     1.0225518639919815
Ni     1    6645.484617017192     1.019151717481358
Fe     1    6679.82895072668      1.019762360926342
Al     1    6697.87170219246      1.0186050367919044
Al     1    6700.522414966865     1.0015801400781326
Fe     1    6705.416731065437     1.0185601207176065
Cr     1    6723.703748749681     1.0192745064295248
Fe     1    6727.2123923259205    1.0
Fe     1    6735.0089891072275    1.0
Si     1    7682.383915272238     1.0050786527532887
Mg     1    7693.666959557328     1.0059245414029903
K      1    7701.083260605108     1.0061834371925273
Fe     1    7712.487037622347     1.0067413843238424
Fe     2    7713.842803447365     1.006984292388705
Ni     1    7717.714448136995     1.0073972866522887
Fe     1    7750.401268486927     0.9950780287296606
Ni     1    7751.022436112898     0.9912843200916887
Fe     1    7753.243035357763     1.0097516403420919
O      1    7774.082659254023     1.0116063595724578
O      1    7776.305259075406     1.0125723064042846
O      1    7777.52758895167      1.0122263120291377
Ni     1    7791.07324465637      1.0111533838748077
Ni     1    7799.72557981853      1.0102062743718332
Rb     1    7802.205249061444     1.0124875004048428
Al     1    7837.464765789455     1.009897738714483
Al     1    7838.289988531767     1.0110698666056004
Si     1    7852.143727973151     1.015166389185068
UL     3    4723.47               1.0228380763815303
UL     3    4745.74               1.0197787831518674
UL     3    4749.47               1.02391662713264
UL     3    4765.26               1.0078800213479
UL     3    4774.16               1.0145721190243493
UL     3    4791.0                0.9900226627639449
UL     3    4808.33               1.0232001335053276
UL     3    4814.84               0.9950158980937674
UL     3    4819.16               1.0146041075506682
UL     3    4825.5                1.011856690214196
UL     3    4830.74               0.9845388474480771
UL     3    4834.09               1.0126232584519161
UL     3    4840.91               1.0106275965037024
UL     3    4849.61               1.0193479920320854
UL     3    4852.85               1.0248933170734442
UL     3    5655.46               1.0
UL     3    5677.0                1.0144538522021236
UL     3    5693.09               1.0173086959367041
UL     3    5695.25               1.0156280988621118
UL     3    5707.59               1.0146517297593645
UL     3    5708.68               1.014079913621721
UL     3    5716.69               1.0158467411120988
UL     3    5719.45               1.01561592060288
UL     3    5753.66               1.0203449238699143
UL     3    5792.62               1.0215534369091719
UL     3    6501.47               1.0134338686039148
UL     3    6571.05               1.0143904933728167
UL     3    6576.88               1.0255103529025789
UL     3    6706.96               1.0167171948054976
UL     3    6728.57               1.0
UL     3    7716.42               1.0073910342434909
UL     3    7725.34               1.0030947252466065
UL     3    7729.78               1.0075617635320266
UL     3    7744.87               1.0100381234051232
UL     3    7782.75               1.012228802070225
UL     3    7810.04               1.0117223081960474
UL     3    7834.36               1.0128696294750226
