#elem  ion  wave                  correction(aperture/stacked)
La     2    4717.759567724955     1.0
Mg     1    4731.351766619823     1.0009234520574588
Fe     1    4734.916110486742     1.0127555992322779
Mn     1    4740.415566878147     1.018633692358836
Fe     1    4742.8552129917925    1.0150901694132348
Fe     1    4747.1273444713015    1.0181961987138894
Ti     1    4759.448408090701     1.043488945196058
Ti     1    4760.600613316287     1.0402146496465385
Mn     1    4762.837505895204     1.0253662297175035
Ti     2    4765.857005824366     1.0142226714997022
Fe     1    4780.775258460967     1.0181924465065741
V      1    4785.804091043368     1.0
Fe     1    4789.165481822721     1.030524897867224
Fe     1    4790.095328242028     1.0168193205427065
Cr     1    4790.673881566418     0.9766673707112264
Ti     2    4799.872619512944     1.0079388429563887
Cr     1    4802.366680566258     0.9778584714811318
Fe     1    4804.222172380227     1.0088048774394809
Fe     1    4809.491669170637     0.9864627559158127
Zn     1    4811.881502677758     1.0234405776798887
Ti     1    4821.756520598129     1.0167153749559106
Ni     1    4832.529977081299     1.0166824906089333
Sm     2    4838.011430590429     1.0
Ti     1    4842.232549968105     1.0141166656475276
Fe     1    4845.367381317484     1.0085809759270932
Cr     2    4849.590501330725     1.0155002095798713
Ti     2    4850.522548526964     0.9980120010731386
Y      2    4856.217358959939     1.0053308335887692
Ti     2    4866.969511046126     1.0226047956113542
Ni     1    4867.629286068777     1.0189614311339363
Ti     2    4875.370739800553     0.9986986648515541
Fe     1    4877.238835417714     0.9982967406110304
Fe     1    4883.50749861639      1.003525392764778
Y      2    4885.046006832402     1.0115039957146341
Cr     2    4885.974153103399     0.99878700626741
Fe     1    4892.120884126167     1.0114935541391454
Fe     1    4892.858079747847     1.0135933654917495
Fe     1    5653.03740205537      1.0
Fe     1    5653.886328981642     1.0
Sc     2    5659.466220575779     1.0015100214667447
Fe     1    5664.0875559795395    0.99552383380906
Si     1    5667.126768463639     1.0148587377179017
Sc     2    5668.721694848641     0.9778724477084999
Fe     1    5669.090793523595     0.9995763567143428
Sc     2    5670.628204538431     1.0130471475017242
Fe     1    5680.598770204794     1.0108198011905514
Na     1    5684.210135764635     1.0028470793901774
Na     1    5689.783325901822     1.0119328438286386
Si     1    5692.003919652215     1.0128583888956293
Fe     1    5703.126093684245     1.0026462131536398
Mg     1    5712.67244653875      1.0157083551365789
Fe     1    5733.351777140469     1.0091494099757565
Mo     1    5753.003233598317     1.0
Fe     1    5754.725694364557     1.006836094681134
Ni     1    5756.266106436666     1.0144415291255204
Si     1    5773.7487834999965    1.0198857001580348
Fe     1    5776.682068284723     1.018803400873076
Cr     1    5785.46991952334      1.0208622848897926
Cr     1    5789.524004264603     1.015269593985162
Si     1    5794.678983613339     1.0225096653030803
Fe     1    5808.334937855258     1.0184429136108948
Fe     1    5810.828105047002     1.0191590319812145
Fe     1    5853.842217745841     1.0251288758241752
Ca     1    5859.074618420989     1.0158742611384723
Fe     1    5861.214191182892     1.0155454498660952
Fe     1    5863.984932920292     1.0176162816399414
Ti     1    5868.077328493994     1.0
Ca     1    5869.1883259238175    1.0
Ca     1    5869.196328066112     1.0
Fe     1    6483.660928685685     1.0
Ca     1    6495.575329443239     1.0135559897446875
Fe     1    6496.775051753972     1.0104256044813078
Fe     1    6500.734015360068     1.0081938986303278
Fe     2    6517.876921161999     1.0180487203221131
Fe     1    6520.16663637006      1.0081922540463522
Fe     1    6548.046527753324     1.01838953559288
Ni     1    6588.128999672801     1.0207832312864173
Fe     1    6594.73337474588      1.0153456273367987
Fe     1    6595.690732061377     1.0201971405863008
Fe     1    6599.381424044337     1.0214550785093377
Sc     2    6606.425117291336     1.0207599221241592
Fe     1    6610.935029524423     1.0118748406960754
Fe     1    6629.374086067407     1.021339026515699
Ni     1    6645.484617017192     1.0180235380768685
Fe     1    6679.82895072668      1.0177244466595319
Al     1    6697.87170219246      1.0159282572595048
Al     1    6700.522414966865     1.002030866029398
Fe     1    6705.416731065437     1.016150497550687
Cr     1    6723.703748749681     1.0161376599897685
Fe     1    6727.2123923259205    1.0
Fe     1    6735.0089891072275    1.0
Si     1    7682.383915272238     1.0024064512615911
Mg     1    7693.666959557328     1.0031646978780648
K      1    7701.083260605108     1.0036060400287767
Fe     1    7712.487037622347     1.0042984494595895
Fe     2    7713.842803447365     1.0044976297304646
Ni     1    7717.714448136995     1.0048914091658945
Fe     1    7750.401268486927     0.9965849181569578
Ni     1    7751.022436112898     0.9937647336219275
Fe     1    7753.243035357763     1.007568805061432
O      1    7774.082659254023     1.0090770207850293
O      1    7776.305259075406     1.0098185493379204
O      1    7777.52758895167      1.0094938412874057
Ni     1    7791.07324465637      1.0091906211165407
Ni     1    7799.72557981853      1.0084384690412123
Rb     1    7802.205249061444     1.010100839357919
Al     1    7837.464765789455     1.007502234374248
Al     1    7838.289988531767     1.008866494162635
Si     1    7852.143727973151     1.01248983987095
UL     3    4723.47               1.0179081833007235
UL     3    4745.74               1.0173687440822774
UL     3    4749.47               1.0211961120466206
UL     3    4765.26               1.0074516189330218
UL     3    4774.16               1.0137838911656345
UL     3    4791.0                0.9915996999167761
UL     3    4808.33               1.021130202943452
UL     3    4814.84               0.9963099324734355
UL     3    4819.16               1.0126739481093043
UL     3    4825.5                1.0102369596749012
UL     3    4830.74               0.9882604329689356
UL     3    4834.09               1.0106907669985052
UL     3    4840.91               1.0091664191520107
UL     3    4849.61               1.0155001194562678
UL     3    4852.85               1.0186907083154766
UL     3    5655.46               1.0
UL     3    5677.0                1.0112732463463392
UL     3    5693.09               1.0138572984106147
UL     3    5695.25               1.0128523437405712
UL     3    5707.59               1.0119879592978394
UL     3    5708.68               1.0118316531256468
UL     3    5716.69               1.0136097254775642
UL     3    5719.45               1.0134820206769923
UL     3    5753.66               1.0188427068355497
UL     3    5792.62               1.0204513610191286
UL     3    6501.47               1.012105617676127
UL     3    6571.05               1.0133871532949008
UL     3    6576.88               1.023561646590877
UL     3    6706.96               1.0144767244777222
UL     3    6728.57               1.0
UL     3    7716.42               1.0047889988675391
UL     3    7725.34               1.0022386475193803
UL     3    7729.78               1.0053776760622488
UL     3    7744.87               1.0074856809700243
UL     3    7782.75               1.009858964753635
UL     3    7810.04               1.0097521127589488
UL     3    7834.36               1.010598359564808
