#elem  ion  wave                  correction(aperture/stacked)
La     2    4717.759567724955     1.0
Mg     1    4731.351766619823     1.000527963925764
Fe     1    4734.916110486742     1.0148493533285377
Mn     1    4740.415566878147     1.0213905773391518
Fe     1    4742.8552129917925    1.0171615346072669
Fe     1    4747.1273444713015    1.0202890062792205
Ti     1    4759.448408090701     1.0469617154406377
Ti     1    4760.600613316287     1.043218023401407
Mn     1    4762.837505895204     1.02717030674868
Ti     2    4765.857005824366     1.015476551448101
Fe     1    4780.775258460967     1.019253604495825
V      1    4785.804091043368     1.0
Fe     1    4789.165481822721     1.0326632870003247
Fe     1    4790.095328242028     1.018074082985499
Cr     1    4790.673881566418     0.9740704801839482
Ti     2    4799.872619512944     1.0084654335888967
Cr     1    4802.366680566258     0.975409583937154
Fe     1    4804.222172380227     1.0103708123002342
Fe     1    4809.491669170637     0.9847782475082943
Zn     1    4811.881502677758     1.0255227301522232
Ti     1    4821.756520598129     1.0189212331506428
Ni     1    4832.529977081299     1.0194456628820379
Sm     2    4838.011430590429     1.0
Ti     1    4842.232549968105     1.016390547401081
Fe     1    4845.367381317484     1.0096436197720817
Cr     2    4849.590501330725     1.0185590134885456
Ti     2    4850.522548526964     0.996566606954466
Y      2    4856.217358959939     1.0063357112217104
Ti     2    4866.969511046126     1.0270938679033412
Ni     1    4867.629286068777     1.0226651020115827
Ti     2    4875.370739800553     0.997541985544995
Fe     1    4877.238835417714     0.9975162535280971
Fe     1    4883.50749861639      1.004063968754054
Y      2    4885.046006832402     1.0146507071962434
Cr     2    4885.974153103399     1.0009791775047157
Fe     1    4892.120884126167     1.0133427500676107
Fe     1    4892.858079747847     1.0158811861779116
Fe     1    5653.03740205537      1.0
Fe     1    5653.886328981642     1.0
Sc     2    5659.466220575779     1.0015224014725186
Fe     1    5664.0875559795395    0.9937698037190145
Si     1    5667.126768463639     1.0180290091044049
Sc     2    5668.721694848641     0.9715701216592753
Fe     1    5669.090793523595     0.9988042264324548
Sc     2    5670.628204538431     1.015991694551209
Fe     1    5680.598770204794     1.0132299819745314
Na     1    5684.210135764635     1.0031092984950432
Na     1    5689.783325901822     1.0144817466883325
Si     1    5692.003919652215     1.015483815307562
Fe     1    5703.126093684245     1.002639927338358
Mg     1    5712.67244653875      1.0182745701531406
Fe     1    5733.351777140469     1.009966583262749
Mo     1    5753.003233598317     1.0
Fe     1    5754.725694364557     1.007154933910702
Ni     1    5756.266106436666     1.0153913192129727
Si     1    5773.7487834999965    1.0209880351894385
Fe     1    5776.682068284723     1.0196713253416725
Cr     1    5785.46991952334      1.0218224261937154
Cr     1    5789.524004264603     1.0158922719241084
Si     1    5794.678983613339     1.023600708472553
Fe     1    5808.334937855258     1.019135776378092
Fe     1    5810.828105047002     1.019909311124064
Fe     1    5853.842217745841     1.0265241758998855
Ca     1    5859.074618420989     1.0169695900999163
Fe     1    5861.214191182892     1.0164705436235042
Fe     1    5863.984932920292     1.0188344200183828
Ti     1    5868.077328493994     1.0
Ca     1    5869.1883259238175    1.0
Ca     1    5869.196328066112     1.0
Fe     1    6483.660928685685     1.0
Ca     1    6495.575329443239     1.0147606278008925
Fe     1    6496.775051753972     1.011356513359406
Fe     1    6500.734015360068     1.0090631606673832
Fe     2    6517.876921161999     1.019971218765527
Fe     1    6520.16663637006      1.0088100262507138
Fe     1    6548.046527753324     1.0200846321583263
Ni     1    6588.128999672801     1.022505778960197
Fe     1    6594.73337474588      1.0162781636101368
Fe     1    6595.690732061377     1.0216602665840449
Fe     1    6599.381424044337     1.0228882031597262
Sc     2    6606.425117291336     1.0219776288232203
Fe     1    6610.935029524423     1.012355684136244
Fe     1    6629.374086067407     1.0225166796900416
Ni     1    6645.484617017192     1.019076962380024
Fe     1    6679.82895072668      1.0194398360945731
Al     1    6697.87170219246      1.0180784122628426
Al     1    6700.522414966865     1.0016880494853189
Fe     1    6705.416731065437     1.0180777015525098
Cr     1    6723.703748749681     1.0185921553945336
Fe     1    6727.2123923259205    1.0
Fe     1    6735.0089891072275    1.0
Si     1    7682.383915272238     1.0045624246308382
Mg     1    7693.666959557328     1.0053702907967184
K      1    7701.083260605108     1.005684604479734
Fe     1    7712.487037622347     1.006271780022387
Fe     2    7713.842803447365     1.0065091629017608
Ni     1    7717.714448136995     1.0069249239914722
Fe     1    7750.401268486927     0.9953086071865332
Ni     1    7751.022436112898     0.9916601526489723
Fe     1    7753.243035357763     1.0094482736100339
O      1    7774.082659254023     1.011292263655583
O      1    7776.305259075406     1.0122355755517516
O      1    7777.52758895167      1.011895263411354
Ni     1    7791.07324465637      1.010930349035801
Ni     1    7799.72557981853      1.0100038694650229
Rb     1    7802.205249061444     1.0121938370667543
Al     1    7837.464765789455     1.0095474187560456
Al     1    7838.289988531767     1.0107504572468071
Si     1    7852.143727973151     1.0147326834488775
UL     3    4723.47               1.0223595119714268
UL     3    4745.74               1.0195399157339922
UL     3    4749.47               1.0236345587688909
UL     3    4765.26               1.0078154806351292
UL     3    4774.16               1.0144707954243184
UL     3    4791.0                0.9903195797840406
UL     3    4808.33               1.0227471443034806
UL     3    4814.84               0.9953100421932429
UL     3    4819.16               1.0142144387525194
UL     3    4825.5                1.0115348810762583
UL     3    4830.74               0.9854023115750339
UL     3    4834.09               1.012220571076224
UL     3    4840.91               1.010347981042362
UL     3    4849.61               1.018558908944951
UL     3    4852.85               1.0236450003008193
UL     3    5655.46               1.0
UL     3    5677.0                1.0139223310423424
UL     3    5693.09               1.0167722322534338
UL     3    5695.25               1.0152171667980368
UL     3    5707.59               1.0142220910964412
UL     3    5708.68               1.0137235336945736
UL     3    5716.69               1.0155104067645482
UL     3    5719.45               1.0152949138429301
UL     3    5753.66               1.0201328432360137
UL     3    5792.62               1.0214024433096267
UL     3    6501.47               1.0132819192065765
UL     3    6571.05               1.0143608832109487
UL     3    6576.88               1.0254638824933355
UL     3    6706.96               1.0162641188126165
UL     3    6728.57               1.0
UL     3    7716.42               1.0068962029352544
UL     3    7725.34               1.0029541905490722
UL     3    7729.78               1.0071921799374695
UL     3    7744.87               1.0096485050051456
UL     3    7782.75               1.011938639998372
UL     3    7810.04               1.0114882181727782
UL     3    7834.36               1.0125386278863189
