#elem  ion  wave                  correction(aperture/stacked)
La     2    4717.759567724955     1.0
Mg     1    4731.351766619823     1.0006546321471714
Fe     1    4734.916110486742     1.014251406756163
Mn     1    4740.415566878147     1.0205770613171596
Fe     1    4742.8552129917925    1.0165241287576978
Fe     1    4747.1273444713015    1.0195863732361428
Ti     1    4759.448408090701     1.0454277572942667
Ti     1    4760.600613316287     1.0418544450395115
Mn     1    4762.837505895204     1.0263145004613987
Ti     2    4765.857005824366     1.0147802056421058
Fe     1    4780.775258460967     1.018598226373123
V      1    4785.804091043368     1.0
Fe     1    4789.165481822721     1.0311575840979228
Fe     1    4790.095328242028     1.0171873153917441
Cr     1    4790.673881566418     0.9759188889647156
Ti     2    4799.872619512944     1.0080834615423115
Cr     1    4802.366680566258     0.9771786784521131
Fe     1    4804.222172380227     1.0092582350226174
Fe     1    4809.491669170637     0.9859522419327259
Zn     1    4811.881502677758     1.0241102068061652
Ti     1    4821.756520598129     1.0176611128672686
Ni     1    4832.529977081299     1.018026266476783
Sm     2    4838.011430590429     1.0
Ti     1    4842.232549968105     1.0154620453913286
Fe     1    4845.367381317484     1.0092577679670804
Cr     2    4849.590501330725     1.0175422719074845
Ti     2    4850.522548526964     0.99707693840883
Y      2    4856.217358959939     1.0060754695184786
Ti     2    4866.969511046126     1.0264489638250975
Ni     1    4867.629286068777     1.0221550188788548
Ti     2    4875.370739800553     0.9976322706257403
Fe     1    4877.238835417714     0.9975574621399019
Fe     1    4883.50749861639      1.0040747871030287
Y      2    4885.046006832402     1.01475736561824
Cr     2    4885.974153103399     1.001079870286766
Fe     1    4892.120884126167     1.0135466491098173
Fe     1    4892.858079747847     1.0161579377588408
Fe     1    5653.03740205537      1.0
Fe     1    5653.886328981642     1.0
Sc     2    5659.466220575779     1.0015329147668823
Fe     1    5664.0875559795395    0.9950759858545357
Si     1    5667.126768463639     1.0156857902023297
Sc     2    5668.721694848641     0.9763489524914813
Fe     1    5669.090793523595     0.9994100393509089
Sc     2    5670.628204538431     1.0137503869427633
Fe     1    5680.598770204794     1.0112124345352689
Na     1    5684.210135764635     1.0028971451616218
Na     1    5689.783325901822     1.0122400688620612
Si     1    5692.003919652215     1.0131394044013853
Fe     1    5703.126093684245     1.0026494243535002
Mg     1    5712.67244653875      1.0157056356226846
Fe     1    5733.351777140469     1.0091065061503153
Mo     1    5753.003233598317     1.0
Fe     1    5754.725694364557     1.0068337935155938
Ni     1    5756.266106436666     1.014441510954253
Si     1    5773.7487834999965    1.020018827828488
Fe     1    5776.682068284723     1.018932364025032
Cr     1    5785.46991952334      1.0211039326048856
Cr     1    5789.524004264603     1.0154531618097355
Si     1    5794.678983613339     1.0228731270809344
Fe     1    5808.334937855258     1.018778246709732
Fe     1    5810.828105047002     1.0195422181462142
Fe     1    5853.842217745841     1.0263809133443516
Ca     1    5859.074618420989     1.0168860217779057
Fe     1    5861.214191182892     1.016410975019345
Fe     1    5863.984932920292     1.0187690647467862
Ti     1    5868.077328493994     1.0
Ca     1    5869.1883259238175    1.0
Ca     1    5869.196328066112     1.0
Fe     1    6483.660928685685     1.0
Ca     1    6495.575329443239     1.0139544648998042
Fe     1    6496.775051753972     1.0106160460192295
Fe     1    6500.734015360068     1.0080525053781986
Fe     2    6517.876921161999     1.0154187440114237
Fe     1    6520.16663637006      1.007149184649221
Fe     1    6548.046527753324     1.0142110290319508
Ni     1    6588.128999672801     1.016863231814104
Fe     1    6594.73337474588      1.0130900983373798
Fe     1    6595.690732061377     1.0170018599494666
Fe     1    6599.381424044337     1.0181818715531916
Sc     2    6606.425117291336     1.0181390676063902
Fe     1    6610.935029524423     1.0108183295262043
Fe     1    6629.374086067407     1.019976512167212
Ni     1    6645.484617017192     1.0175014010801307
Fe     1    6679.82895072668      1.0180694050937993
Al     1    6697.87170219246      1.0161482428663586
Al     1    6700.522414966865     1.0020251155215398
Fe     1    6705.416731065437     1.0161562632070407
Cr     1    6723.703748749681     1.0154120092845091
Fe     1    6727.2123923259205    1.0
Fe     1    6735.0089891072275    1.0
Si     1    7682.383915272238     1.0024481771446407
Mg     1    7693.666959557328     1.0034135784704308
K      1    7701.083260605108     1.003925078709111
Fe     1    7712.487037622347     1.0047103670051694
Fe     2    7713.842803447365     1.0049255981872363
Ni     1    7717.714448136995     1.005334411502765
Fe     1    7750.401268486927     0.9963083464600394
Ni     1    7751.022436112898     0.9933051292941557
Fe     1    7753.243035357763     1.007985658921208
O      1    7774.082659254023     1.0094857130726302
O      1    7776.305259075406     1.0102743087286534
O      1    7777.52758895167      1.0099640817235276
Ni     1    7791.07324465637      1.0095285656992883
Ni     1    7799.72557981853      1.0087647365221897
Rb     1    7802.205249061444     1.0105293121793557
Al     1    7837.464765789455     1.008096551188718
Al     1    7838.289988531767     1.0094238478576558
Si     1    7852.143727973151     1.013266902706088
UL     3    4723.47               1.0212567299634812
UL     3    4745.74               1.0188376529449987
UL     3    4749.47               1.0227697374790032
UL     3    4765.26               1.0075876090267752
UL     3    4774.16               1.0140962983252813
UL     3    4791.0                0.9912331847011345
UL     3    4808.33               1.0216220644371077
UL     3    4814.84               0.9959873969053495
UL     3    4819.16               1.013295190057136
UL     3    4825.5                1.0107897819002918
UL     3    4830.74               0.9869418683463745
UL     3    4834.09               1.01146648411354
UL     3    4840.91               1.0098551525110415
UL     3    4849.61               1.017542171920833
UL     3    4852.85               1.0221499311221904
UL     3    5655.46               1.0
UL     3    5677.0                1.0117658211476042
UL     3    5693.09               1.0141480797936402
UL     3    5695.25               1.0130639045808052
UL     3    5707.59               1.012048163601083
UL     3    5708.68               1.011863358507925
UL     3    5716.69               1.0135782034764445
UL     3    5719.45               1.013435696554381
UL     3    5753.66               1.0188273928640972
UL     3    5792.62               1.0207463627368525
UL     3    6501.47               1.0118321397128225
UL     3    6571.05               1.0106839044756668
UL     3    6576.88               1.0183743548265356
UL     3    6706.96               1.0144406794911125
UL     3    6728.57               1.0
UL     3    7716.42               1.005240516051996
UL     3    7725.34               1.0024170313401735
UL     3    7729.78               1.0058155220474585
UL     3    7744.87               1.0079938901026335
UL     3    7782.75               1.0102727167056937
UL     3    7810.04               1.0101227103788284
UL     3    7834.36               1.011148563327539
