#elem  ion  wave                  correction(aperture/stacked)
La     2    4717.759567724955     1.0
Mg     1    4731.351766619823     1.0007589879569367
Fe     1    4734.916110486742     1.0137530578960452
Mn     1    4740.415566878147     1.0199591908609529
Fe     1    4742.8552129917925    1.0161136707962273
Fe     1    4747.1273444713015    1.019234471430037
Ti     1    4759.448408090701     1.0453714177124243
Ti     1    4760.600613316287     1.0418628506042835
Mn     1    4762.837505895204     1.0263859515508715
Ti     2    4765.857005824366     1.0148867102787158
Fe     1    4780.775258460967     1.0190256182629738
V      1    4785.804091043368     1.0
Fe     1    4789.165481822721     1.032431374762643
Fe     1    4790.095328242028     1.017953832219942
Cr     1    4790.673881566418     0.9743143568437486
Ti     2    4799.872619512944     1.008475485097447
Cr     1    4802.366680566258     0.9752941298827487
Fe     1    4804.222172380227     1.0104986359813757
Fe     1    4809.491669170637     0.9845954755932709
Zn     1    4811.881502677758     1.025776153289459
Ti     1    4821.756520598129     1.0192637990117537
Ni     1    4832.529977081299     1.019975153301853
Sm     2    4838.011430590429     1.0
Ti     1    4842.232549968105     1.016803453967347
Fe     1    4845.367381317484     1.009808956717436
Cr     2    4849.590501330725     1.0191113279508768
Ti     2    4850.522548526964     0.9962333569989522
Y      2    4856.217358959939     1.0065025643632843
Ti     2    4866.969511046126     1.0277924972489534
Ni     1    4867.629286068777     1.0232379326525718
Ti     2    4875.370739800553     0.9973212576626993
Fe     1    4877.238835417714     0.9973813278974522
Fe     1    4883.50749861639      1.0041474982299996
Y      2    4885.046006832402     1.0150896801900997
Cr     2    4885.974153103399     1.0012937082411955
Fe     1    4892.120884126167     1.0135869381077802
Fe     1    4892.858079747847     1.0161860408020087
Fe     1    5653.03740205537      1.0
Fe     1    5653.886328981642     1.0
Sc     2    5659.466220575779     1.0015379869401777
Fe     1    5664.0875559795395    0.9942357905057817
Si     1    5667.126768463639     1.0172519369786786
Sc     2    5668.721694848641     0.9731648104279028
Fe     1    5669.090793523595     0.9990179323405918
Sc     2    5670.628204538431     1.015277892647864
Fe     1    5680.598770204794     1.0126214880340512
Na     1    5684.210135764635     1.0030668493117358
Na     1    5689.783325901822     1.013904832532892
Si     1    5692.003919652215     1.0148803683620415
Fe     1    5703.126093684245     1.0026675428425116
Mg     1    5712.67244653875      1.0176923048107327
Fe     1    5733.351777140469     1.0097973923678158
Mo     1    5753.003233598317     1.0
Fe     1    5754.725694364557     1.0070985484986605
Ni     1    5756.266106436666     1.0152171519412063
Si     1    5773.7487834999965    1.020833633771634
Fe     1    5776.682068284723     1.0195602325669604
Cr     1    5785.46991952334      1.0217285957843216
Cr     1    5789.524004264603     1.015829028790932
Si     1    5794.678983613339     1.0235351305842149
Fe     1    5808.334937855258     1.0191371403560427
Fe     1    5810.828105047002     1.0199195500525278
Fe     1    5853.842217745841     1.0268373477652883
Ca     1    5859.074618420989     1.0172253015025758
Fe     1    5861.214191182892     1.0166863902379981
Fe     1    5863.984932920292     1.0191552065127534
Ti     1    5868.077328493994     1.0
Ca     1    5869.1883259238175    1.0
Ca     1    5869.196328066112     1.0
Fe     1    6483.660928685685     1.0
Ca     1    6495.575329443239     1.0119509527417145
Fe     1    6496.775051753972     1.0092322826856395
Fe     1    6500.734015360068     1.0072073762471918
Fe     2    6517.876921161999     1.01664728139909
Fe     1    6520.16663637006      1.0077259143588995
Fe     1    6548.046527753324     1.0178292493418584
Ni     1    6588.128999672801     1.0207596899933242
Fe     1    6594.73337474588      1.0153797832369977
Fe     1    6595.690732061377     1.0202633594815194
Fe     1    6599.381424044337     1.0215632753892263
Sc     2    6606.425117291336     1.020925817109368
Fe     1    6610.935029524423     1.0119614990283288
Fe     1    6629.374086067407     1.0217746965027006
Ni     1    6645.484617017192     1.0185649237051408
Fe     1    6679.82895072668      1.01898439616702
Al     1    6697.87170219246      1.0175823145488891
Al     1    6700.522414966865     1.001790899549163
Fe     1    6705.416731065437     1.0176526708909617
Cr     1    6723.703748749681     1.0180091183244249
Fe     1    6727.2123923259205    1.0
Fe     1    6735.0089891072275    1.0
Si     1    7682.383915272238     1.0037346431770797
Mg     1    7693.666959557328     1.0046572156045075
K      1    7701.083260605108     1.0050694582671482
Fe     1    7712.487037622347     1.0057757439346222
Fe     2    7713.842803447365     1.0060108491001538
Ni     1    7717.714448136995     1.006437008787311
Fe     1    7750.401268486927     0.9955723969841467
Ni     1    7751.022436112898     0.9920869313494624
Fe     1    7753.243035357763     1.0090793456922071
O      1    7774.082659254023     1.010885788683033
O      1    7776.305259075406     1.0118129499768995
O      1    7777.52758895167      1.0114797155724493
Ni     1    7791.07324465637      1.0106491853770885
Ni     1    7799.72557981853      1.0097831306579443
Rb     1    7802.205249061444     1.0118981592382867
Al     1    7837.464765789455     1.0094068300976227
Al     1    7838.289988531767     1.0106239363505798
Si     1    7852.143727973151     1.0146702831128813
UL     3    4723.47               1.0200926704993833
UL     3    4745.74               1.0184514459465752
UL     3    4749.47               1.0224145890031402
UL     3    4765.26               1.0076295196121987
UL     3    4774.16               1.0142733709623022
UL     3    4791.0                0.9904374327557722
UL     3    4808.33               1.0229021479927307
UL     3    4814.84               0.9951586241788226
UL     3    4819.16               1.014443754960991
UL     3    4825.5                1.0117453820009852
UL     3    4830.74               0.9848165773216248
UL     3    4834.09               1.012500820348419
UL     3    4840.91               1.0105466158440828
UL     3    4849.61               1.0191112210123476
UL     3    4852.85               1.0245112702113086
UL     3    5655.46               1.0
UL     3    5677.0                1.013258907871906
UL     3    5693.09               1.0160991676796236
UL     3    5695.25               1.0146818902948156
UL     3    5707.59               1.0137225076230962
UL     3    5708.68               1.0133090601563504
UL     3    5716.69               1.0150836973113642
UL     3    5719.45               1.0149046295303046
UL     3    5753.66               1.019889094070402
UL     3    5792.62               1.0213369377634067
UL     3    6501.47               1.010784057055263
UL     3    6571.05               1.0132470979741472
UL     3    6576.88               1.0233721369292441
UL     3    6706.96               1.0158680745790463
UL     3    6728.57               1.0
UL     3    7716.42               1.006383038587525
UL     3    7725.34               1.0027935549269509
UL     3    7729.78               1.0068061716842278
UL     3    7744.87               1.0092216076642433
UL     3    7782.75               1.0115930985780468
UL     3    7810.04               1.0112592366817867
UL     3    7834.36               1.012398233919199
