#elem  ion  wave                  correction(aperture/stacked)
La     2    4717.759567724955     1.0
Mg     1    4731.351766619823     1.0007203274760343
Fe     1    4734.916110486742     1.0138038029134488
Mn     1    4740.415566878147     1.0196838600353952
Fe     1    4742.8552129917925    1.0157817655641734
Fe     1    4747.1273444713015    1.0186654624714218
Ti     1    4759.448408090701     1.0432570721241725
Ti     1    4760.600613316287     1.0399370808491684
Mn     1    4762.837505895204     1.02511885739063
Ti     2    4765.857005824366     1.0140127571696222
Fe     1    4780.775258460967     1.01784369401506
V      1    4785.804091043368     1.0
Fe     1    4789.165481822721     1.029922134210696
Fe     1    4790.095328242028     1.0164737323937938
Cr     1    4790.673881566418     0.977343904894344
Ti     2    4799.872619512944     1.007869841395622
Cr     1    4802.366680566258     0.9780650636508204
Fe     1    4804.222172380227     1.0087210217123825
Fe     1    4809.491669170637     0.986383667512504
Zn     1    4811.881502677758     1.0236336649473283
Ti     1    4821.756520598129     1.0172750749646189
Ni     1    4832.529977081299     1.0177049454478053
Sm     2    4838.011430590429     1.0
Ti     1    4842.232549968105     1.01510252847072
Fe     1    4845.367381317484     1.0090666538932522
Cr     2    4849.590501330725     1.0168622367914306
Ti     2    4850.522548526964     0.9974332921911284
Y      2    4856.217358959939     1.0057736588135264
Ti     2    4866.969511046126     1.0242639444433312
Ni     1    4867.629286068777     1.0203137991732798
Ti     2    4875.370739800553     0.9984089077013288
Fe     1    4877.238835417714     0.9981061467504954
Fe     1    4883.50749861639      1.0036201865394465
Y      2    4885.046006832402     1.0119869687020155
Cr     2    4885.974153103399     0.9990840767413709
Fe     1    4892.120884126167     1.0115495312022962
Fe     1    4892.858079747847     1.0136276549166037
Fe     1    5653.03740205537      1.0
Fe     1    5653.886328981642     1.0
Sc     2    5659.466220575779     1.0015324969712573
Fe     1    5664.0875559795395    0.995105272063684
Si     1    5667.126768463639     1.0156220985611095
Sc     2    5668.721694848641     0.9764840879156091
Fe     1    5669.090793523595     0.9994259322542339
Sc     2    5670.628204538431     1.01367871113768
Fe     1    5680.598770204794     1.011119396175367
Na     1    5684.210135764635     1.0028812515349574
Na     1    5689.783325901822     1.0120735717933427
Si     1    5692.003919652215     1.0129512352510694
Fe     1    5703.126093684245     1.0026407155819967
Mg     1    5712.67244653875      1.015318235716208
Fe     1    5733.351777140469     1.0088648133547748
Mo     1    5753.003233598317     1.0
Fe     1    5754.725694364557     1.0066903657042527
Ni     1    5756.266106436666     1.014027575636967
Si     1    5773.7487834999965    1.0193410609933418
Fe     1    5776.682068284723     1.0183633391544762
Cr     1    5785.46991952334      1.0204036156520604
Cr     1    5789.524004264603     1.0149783737034006
Si     1    5794.678983613339     1.0219938790347238
Fe     1    5808.334937855258     1.0181334901675685
Fe     1    5810.828105047002     1.0188330652698752
Fe     1    5853.842217745841     1.0247579075652777
Ca     1    5859.074618420989     1.0155909606475628
Fe     1    5861.214191182892     1.0153005236808743
Fe     1    5863.984932920292     1.0173305735189317
Ti     1    5868.077328493994     1.0
Ca     1    5869.1883259238175    1.0
Ca     1    5869.196328066112     1.0
Fe     1    6483.660928685685     1.0
Ca     1    6495.575329443239     1.0111171399066792
Fe     1    6496.775051753972     1.008582931261115
Fe     1    6500.734015360068     1.0066072400491177
Fe     2    6517.876921161999     1.0152072307430757
Fe     1    6520.16663637006      1.0071828416397113
Fe     1    6548.046527753324     1.016449631991663
Ni     1    6588.128999672801     1.0192309285682035
Fe     1    6594.73337474588      1.0144648026457146
Fe     1    6595.690732061377     1.0189073158557111
Fe     1    6599.381424044337     1.0201607715381924
Sc     2    6606.425117291336     1.0196693627615425
Fe     1    6610.935029524423     1.0114210417127887
Fe     1    6629.374086067407     1.0204540880067003
Ni     1    6645.484617017192     1.0173252100520933
Fe     1    6679.82895072668      1.017017248431878
Al     1    6697.87170219246      1.0152271848647105
Al     1    6700.522414966865     1.0021092936052116
Fe     1    6705.416731065437     1.0155518482965586
Cr     1    6723.703748749681     1.0154891678677898
Fe     1    6727.2123923259205    1.0
Fe     1    6735.0089891072275    1.0
Si     1    7682.383915272238     1.0016076186647986
Mg     1    7693.666959557328     1.0022420270591632
K      1    7701.083260605108     1.0026618496618984
Fe     1    7712.487037622347     1.0033800932877772
Fe     2    7713.842803447365     1.0035591790228209
Ni     1    7717.714448136995     1.0039270141753303
Fe     1    7750.401268486927     0.9970197646141361
Ni     1    7751.022436112898     0.9944996825214037
Fe     1    7753.243035357763     1.006862676100239
O      1    7774.082659254023     1.008551543147725
O      1    7776.305259075406     1.009277928526222
O      1    7777.52758895167      1.0089925553124997
Ni     1    7791.07324465637      1.00885386543631
Ni     1    7799.72557981853      1.008184474051056
Rb     1    7802.205249061444     1.0097853531010463
Al     1    7837.464765789455     1.0073327850238336
Al     1    7838.289988531767     1.0087104167211245
Si     1    7852.143727973151     1.012315067451243
UL     3    4723.47               1.0211646381028936
UL     3    4745.74               1.0179482499856474
UL     3    4749.47               1.021595728478814
UL     3    4765.26               1.0073989829393564
UL     3    4774.16               1.013573727604698
UL     3    4791.0                0.9919252908530177
UL     3    4808.33               1.0211715057000088
UL     3    4814.84               0.9961750110670986
UL     3    4819.16               1.0130629612045907
UL     3    4825.5                1.0106330634792806
UL     3    4830.74               0.9872699694772089
UL     3    4834.09               1.0112840602412507
UL     3    4840.91               1.0096805000121554
UL     3    4849.61               1.0168621400159625
UL     3    4852.85               1.020884577420997
UL     3    5655.46               1.0
UL     3    5677.0                1.0116799110637593
UL     3    5693.09               1.013930794103894
UL     3    5695.25               1.0128675344176565
UL     3    5707.59               1.0117521726950156
UL     3    5708.68               1.0115907534148507
UL     3    5716.69               1.0132491971907118
UL     3    5719.45               1.0130978323368753
UL     3    5753.66               1.0182751611344032
UL     3    5792.62               1.0199948825702416
UL     3    6501.47               1.009947463124593
UL     3    6571.05               1.0123694136217183
UL     3    6576.88               1.0216496142313272
UL     3    6706.96               1.013931269626727
UL     3    6728.57               1.0
UL     3    7716.42               1.0038087222137708
UL     3    7725.34               1.0018843403013538
UL     3    7729.78               1.0045591022407188
UL     3    7744.87               1.0066277890903281
UL     3    7782.75               1.009389947109292
UL     3    7810.04               1.0095110824331845
UL     3    7834.36               1.0104312346908693
