#elem  ion  wave                  correction(aperture/stacked)
La     2    4717.759567724955     1.0
Mg     1    4731.351766619823     1.0007583270390144
Fe     1    4734.916110486742     1.013724211058713
Mn     1    4740.415566878147     1.0198424318664097
Fe     1    4742.8552129917925    1.0159961295543156
Fe     1    4747.1273444713015    1.0190573189227616
Ti     1    4759.448408090701     1.0447636324045184
Ti     1    4760.600613316287     1.0413099775454535
Mn     1    4762.837505895204     1.0260206336544637
Ti     2    4765.857005824366     1.014619049355911
Fe     1    4780.775258460967     1.0186616592769082
V      1    4785.804091043368     1.0
Fe     1    4789.165481822721     1.0315795683430466
Fe     1    4790.095328242028     1.0174509437179147
Cr     1    4790.673881566418     0.9754086716034321
Ti     2    4799.872619512944     1.0082361532464608
Cr     1    4802.366680566258     0.9764089906488101
Fe     1    4804.222172380227     1.0097676758629681
Fe     1    4809.491669170637     0.9853752644184656
Zn     1    4811.881502677758     1.0248289832077597
Ti     1    4821.756520598129     1.0183332784182322
Ni     1    4832.529977081299     1.01872227400141
Sm     2    4838.011430590429     1.0
Ti     1    4842.232549968105     1.0157852411825445
Fe     1    4845.367381317484     1.0093651449379242
Cr     2    4849.590501330725     1.0177120860821118
Ti     2    4850.522548526964     0.9970054508357586
Y      2    4856.217358959939     1.0060472145733121
Ti     2    4866.969511046126     1.0255898800430003
Ni     1    4867.629286068777     1.0214162421785653
Ti     2    4875.370739800553     0.9980212167582124
Fe     1    4877.238835417714     0.9978441403754021
Fe     1    4883.50749861639      1.0038417315175763
Y      2    4885.046006832402     1.0132921366074061
Cr     2    4885.974153103399     0.9999939286255627
Fe     1    4892.120884126167     1.012426968377817
Fe     1    4892.858079747847     1.0147290222273493
Fe     1    5653.03740205537      1.0
Fe     1    5653.886328981642     1.0
Sc     2    5659.466220575779     1.0015354994877617
Fe     1    5664.0875559795395    0.9947155031701335
Si     1    5667.126768463639     1.0164109875342473
Sc     2    5668.721694848641     0.974918910776013
Fe     1    5669.090793523595     0.9992507637973173
Sc     2    5670.628204538431     1.0144741176831287
Fe     1    5680.598770204794     1.0118494453397335
Na     1    5684.210135764635     1.0029858502122282
Na     1    5689.783325901822     1.0131011285645852
Si     1    5692.003919652215     1.0140707317377056
Fe     1    5703.126093684245     1.0026722096940826
Mg     1    5712.67244653875      1.016852770296051
Fe     1    5733.351777140469     1.0095196781641727
Mo     1    5753.003233598317     1.0
Fe     1    5754.725694364557     1.0069984400601002
Ni     1    5756.266106436666     1.0149097460231344
Si     1    5773.7487834999965    1.0204436550689322
Fe     1    5776.682068284723     1.0192473350137758
Cr     1    5785.46991952334      1.0213788116628144
Cr     1    5789.524004264603     1.0156033626714112
Si     1    5794.678983613339     1.0230873127595561
Fe     1    5808.334937855258     1.0188106169777518
Fe     1    5810.828105047002     1.0195561780160836
Fe     1    5853.842217745841     1.0257867233219644
Ca     1    5859.074618420989     1.016351895476824
Fe     1    5861.214191182892     1.0159437465472847
Fe     1    5863.984932920292     1.0181456459441192
Ti     1    5868.077328493994     1.0
Ca     1    5869.1883259238175    1.0
Ca     1    5869.196328066112     1.0
Fe     1    6483.660928685685     1.0
Ca     1    6495.575329443239     1.0131473644323914
Fe     1    6496.775051753972     1.0101454013970435
Fe     1    6500.734015360068     1.0080355328551835
Fe     2    6517.876921161999     1.0183239030883942
Fe     1    6520.16663637006      1.0083032822038724
Fe     1    6548.046527753324     1.0190872520056722
Ni     1    6588.128999672801     1.021605840536709
Fe     1    6594.73337474588      1.0157916911282665
Fe     1    6595.690732061377     1.0209102125908673
Fe     1    6599.381424044337     1.022150537200244
Sc     2    6606.425117291336     1.0213384719703529
Fe     1    6610.935029524423     1.0121005608173175
Fe     1    6629.374086067407     1.0218479985417324
Ni     1    6645.484617017192     1.0184278730010081
Fe     1    6679.82895072668      1.0184225594600347
Al     1    6697.87170219246      1.0169052563294687
Al     1    6700.522414966865     1.0018970497224995
Fe     1    6705.416731065437     1.017088514309758
Cr     1    6723.703748749681     1.017451830290367
Fe     1    6727.2123923259205    1.0
Fe     1    6735.0089891072275    1.0
Si     1    7682.383915272238     1.003407521010163
Mg     1    7693.666959557328     1.0042090741036687
K      1    7701.083260605108     1.0046104790674055
Fe     1    7712.487037622347     1.0052719900652198
Fe     2    7713.842803447365     1.005492584449585
Ni     1    7717.714448136995     1.005909335642727
Fe     1    7750.401268486927     0.9959513780101379
Ni     1    7751.022436112898     0.992706872390944
Fe     1    7753.243035357763     1.0085471444553213
O      1    7774.082659254023     1.0102116029041597
O      1    7776.305259075406     1.011064238758335
O      1    7777.52758895167      1.0107355860085898
Ni     1    7791.07324465637      1.0101007926191126
Ni     1    7799.72557981853      1.0092550009155714
Rb     1    7802.205249061444     1.0111781635476127
Al     1    7837.464765789455     1.0085259806898308
Al     1    7838.289988531767     1.0098125603647936
Si     1    7852.143727973151     1.0136039963197276
UL     3    4723.47               1.0202218428609133
UL     3    4745.74               1.0182899634551226
UL     3    4749.47               1.0221676534443502
UL     3    4765.26               1.0075510693392882
UL     3    4774.16               1.0140744077557933
UL     3    4791.0                0.9909713118014661
UL     3    4808.33               1.0221727423617197
UL     3    4814.84               0.9956436526887761
UL     3    4819.16               1.0137845707628725
UL     3    4825.5                1.0112054927849472
UL     3    4830.74               0.9861992946281004
UL     3    4834.09               1.0118115960527545
UL     3    4840.91               1.010035244764814
UL     3    4849.61               1.017711985310051
UL     3    4852.85               1.0222257681994882
UL     3    5655.46               1.0
UL     3    5677.0                1.0124359594756356
UL     3    5693.09               1.0151925200596341
UL     3    5695.25               1.0139536302399499
UL     3    5707.59               1.0129813636180207
UL     3    5708.68               1.0126775718539605
UL     3    5716.69               1.014464685460565
UL     3    5719.45               1.0142959016559825
UL     3    5753.66               1.019452337853304
UL     3    5792.62               1.0209535724165477
UL     3    6501.47               1.011914992311228
UL     3    6571.05               1.0138577980762664
UL     3    6576.88               1.0245148489436202
UL     3    6706.96               1.0153542304858156
UL     3    6728.57               1.0
UL     3    7716.42               1.0058277370768802
UL     3    7725.34               1.0026074142779886
UL     3    7729.78               1.006299683064648
UL     3    7744.87               1.0085966573181468
UL     3    7782.75               1.010941451528066
UL     3    7810.04               1.0106518019008857
UL     3    7834.36               1.0115798052224299
