#elem  ion  wave                  correction(aperture/stacked)
La     2    4717.759567724955     1.0
Mg     1    4731.351766619823     1.0008861791243158
Fe     1    4734.916110486742     1.0129449006085856
Mn     1    4740.415566878147     1.0187536219334778
Fe     1    4742.8552129917925    1.015138122444049
Fe     1    4747.1273444713015    1.0181791814432013
Ti     1    4759.448408090701     1.0432727560060566
Ti     1    4760.600613316287     1.040024111071213
Mn     1    4762.837505895204     1.0252521810989836
Ti     2    4765.857005824366     1.0141603612373329
Fe     1    4780.775258460967     1.0182587607737352
V      1    4785.804091043368     1.0
Fe     1    4789.165481822721     1.0309181207194547
Fe     1    4790.095328242028     1.0170695183531433
Cr     1    4790.673881566418     0.9761309794215015
Ti     2    4799.872619512944     1.0081261409134599
Cr     1    4802.366680566258     0.9768925799844567
Fe     1    4804.222172380227     1.0094774766597039
Fe     1    4809.491669170637     0.9856376381158538
Zn     1    4811.881502677758     1.0245296799099346
Ti     1    4821.756520598129     1.0181004208424358
Ni     1    4832.529977081299     1.0184169699726022
Sm     2    4838.011430590429     1.0
Ti     1    4842.232549968105     1.0155369722917276
Fe     1    4845.367381317484     1.009247897532921
Cr     2    4849.590501330725     1.0173285193746375
Ti     2    4850.522548526964     0.9972083531771003
Y      2    4856.217358959939     1.0059024150626414
Ti     2    4866.969511046126     1.0247450669909348
Ni     1    4867.629286068777     1.0207090047592058
Ti     2    4875.370739800553     0.9982922729553085
Fe     1    4877.238835417714     0.998024555696541
Fe     1    4883.50749861639      1.0036834135982298
Y      2    4885.046006832402     1.0123717518686803
Cr     2    4885.974153103399     0.9993560367953539
Fe     1    4892.120884126167     1.0118201280940555
Fe     1    4892.858079747847     1.0139681668173555
Fe     1    5653.03740205537      1.0
Fe     1    5653.886328981642     1.0
Sc     2    5659.466220575779     1.0015279283773098
Fe     1    5664.0875559795395    0.9952478213171456
Si     1    5667.126768463639     1.0153939075541374
Sc     2    5668.721694848641     0.9768591787564648
Fe     1    5669.090793523595     0.999466532085307
Sc     2    5670.628204538431     1.0135376492906525
Fe     1    5680.598770204794     1.0111826733146545
Na     1    5684.210135764635     1.0028997941149216
Na     1    5689.783325901822     1.0123501707347082
Si     1    5692.003919652215     1.0132881581584943
Fe     1    5703.126093684245     1.002656361272973
Mg     1    5712.67244653875      1.0161550783680227
Fe     1    5733.351777140469     1.009313055962312
Mo     1    5753.003233598317     1.0
Fe     1    5754.725694364557     1.006904201624084
Ni     1    5756.266106436666     1.0146466272528052
Si     1    5773.7487834999965    1.020113378426684
Fe     1    5776.682068284723     1.0189798396741987
Cr     1    5785.46991952334      1.0210393742010015
Cr     1    5789.524004264603     1.015389973895567
Si     1    5794.678983613339     1.0226787091346803
Fe     1    5808.334937855258     1.018509646712511
Fe     1    5810.828105047002     1.019221482013041
Fe     1    5853.842217745841     1.0248528373403447
Ca     1    5859.074618420989     1.0156078841468987
Fe     1    5861.214191182892     1.015296231308922
Fe     1    5863.984932920292     1.0172929947540321
Ti     1    5868.077328493994     1.0
Ca     1    5869.1883259238175    1.0
Ca     1    5869.196328066112     1.0
Fe     1    6483.660928685685     1.0
Ca     1    6495.575329443239     1.0132446725165012
Fe     1    6496.775051753972     1.0102022556452828
Fe     1    6500.734015360068     1.0080010004070235
Fe     2    6517.876921161999     1.0177343902757148
Fe     1    6520.16663637006      1.0080895924349442
Fe     1    6548.046527753324     1.0182016204710207
Ni     1    6588.128999672801     1.0206542031050865
Fe     1    6594.73337474588      1.0152624626150395
Fe     1    6595.690732061377     1.0200578157643223
Fe     1    6599.381424044337     1.0213379428621379
Sc     2    6606.425117291336     1.0206787971238216
Fe     1    6610.935029524423     1.0118437781789233
Fe     1    6629.374086067407     1.0212889728661012
Ni     1    6645.484617017192     1.0180037263076205
Fe     1    6679.82895072668      1.0177875755129235
Al     1    6697.87170219246      1.016068079825072
Al     1    6700.522414966865     1.0020264765969462
Fe     1    6705.416731065437     1.0162825869551135
Cr     1    6723.703748749681     1.0163473319602516
Fe     1    6727.2123923259205    1.0
Fe     1    6735.0089891072275    1.0
Si     1    7682.383915272238     1.0027423230796106
Mg     1    7693.666959557328     1.0035067322823124
K      1    7701.083260605108     1.0039189857123179
Fe     1    7712.487037622347     1.0046159348570898
Fe     2    7713.842803447365     1.0048226028382659
Ni     1    7717.714448136995     1.0052135133107376
Fe     1    7750.401268486927     0.9963547589869195
Ni     1    7751.022436112898     0.993379734028306
Fe     1    7753.243035357763     1.0079263871350228
O      1    7774.082659254023     1.0094984819975181
O      1    7776.305259075406     1.0103072602131264
O      1    7777.52758895167      1.0099866582138137
Ni     1    7791.07324465637      1.0095519674875293
Ni     1    7799.72557981853      1.0087739077497455
Rb     1    7802.205249061444     1.0105336921949706
Al     1    7837.464765789455     1.007848792839474
Al     1    7838.289988531767     1.0091875044954257
Si     1    7852.143727973151     1.0128095729639606
UL     3    4723.47               1.018762170007203
UL     3    4745.74               1.0173727483417225
UL     3    4749.47               1.0211387254711666
UL     3    4765.26               1.007434844597126
UL     3    4774.16               1.013777611240594
UL     3    4791.0                0.9913300957200444
UL     3    4808.33               1.021911908113625
UL     3    4814.84               0.9957778204922234
UL     3    4819.16               1.0136116474686818
UL     3    4825.5                1.0110762817524028
UL     3    4830.74               0.9864859494321891
UL     3    4834.09               1.0116576352072062
UL     3    4840.91               1.0099122314997102
UL     3    4849.61               1.0173284203861384
UL     3    4852.85               1.0215674381229118
UL     3    5655.46               1.0
UL     3    5677.0                1.0116792065055817
UL     3    5693.09               1.0143319548060488
UL     3    5695.25               1.0132465277848195
UL     3    5707.59               1.0123770223982953
UL     3    5708.68               1.012160628972186
UL     3    5716.69               1.013950761271033
UL     3    5719.45               1.0138280476228878
UL     3    5753.66               1.0191145397019428
UL     3    5792.62               1.0206058463793426
UL     3    6501.47               1.0118485831374007
UL     3    6571.05               1.0132984211825664
UL     3    6576.88               1.0233958403437176
UL     3    6706.96               1.0146019521910314
UL     3    6728.57               1.0
UL     3    7716.42               1.0051202600837261
UL     3    7725.34               1.0023583496725692
UL     3    7729.78               1.005695922460061
UL     3    7744.87               1.0078909179714666
UL     3    7782.75               1.0102999232883274
UL     3    7810.04               1.0100981511544445
UL     3    7834.36               1.010943267263787
