#elem  ion  wave                  correction(aperture/stacked)
La     2    4717.759567724955     1.0
Mg     1    4731.351766619823     1.0006452574657663
Fe     1    4734.916110486742     1.0142773700574816
Mn     1    4740.415566878147     1.0205870449897558
Fe     1    4742.8552129917925    1.0165280322864363
Fe     1    4747.1273444713015    1.0195923868474719
Ti     1    4759.448408090701     1.0455734020379515
Ti     1    4760.600613316287     1.0420015468369817
Mn     1    4762.837505895204     1.0264302259380296
Ti     2    4765.857005824366     1.0148788645495255
Fe     1    4780.775258460967     1.0188771000402645
V      1    4785.804091043368     1.0
Fe     1    4789.165481822721     1.032021742927367
Fe     1    4790.095328242028     1.0177106062386692
Cr     1    4790.673881566418     0.9748503536999337
Ti     2    4799.872619512944     1.0083528362027374
Cr     1    4802.366680566258     0.9758253533488439
Fe     1    4804.222172380227     1.0101412049702505
Fe     1    4809.491669170637     0.9849365500659039
Zn     1    4811.881502677758     1.0253817985075566
Ti     1    4821.756520598129     1.0189631032317397
Ni     1    4832.529977081299     1.0197025464260585
Sm     2    4838.011430590429     1.0
Ti     1    4842.232549968105     1.0166869247786072
Fe     1    4845.367381317484     1.0097738577009578
Cr     2    4849.590501330725     1.0190369403019648
Ti     2    4850.522548526964     0.9962735645080208
Y      2    4856.217358959939     1.0065004057880218
Ti     2    4866.969511046126     1.0279133387199706
Ni     1    4867.629286068777     1.023342729586193
Ti     2    4875.370739800553     0.9972517428094603
Fe     1    4877.238835417714     0.9973385492458307
Fe     1    4883.50749861639      1.004184662094851
Y      2    4885.046006832402     1.0152957743236137
Cr     2    4885.974153103399     1.0014460047084557
Fe     1    4892.120884126167     1.0137290874329796
Fe     1    4892.858079747847     1.0163677130623696
Fe     1    5653.03740205537      1.0
Fe     1    5653.886328981642     1.0
Sc     2    5659.466220575779     1.0015351855274248
Fe     1    5664.0875559795395    0.9946174367965778
Si     1    5667.126768463639     1.0165587432970287
Sc     2    5668.721694848641     0.9746471865423357
Fe     1    5669.090793523595     0.9992170249240481
Sc     2    5670.628204538431     1.0145830055989322
Fe     1    5680.598770204794     1.0118617074234046
Na     1    5684.210135764635     1.0029840172599898
Na     1    5689.783325901822     1.0130308808702748
Si     1    5692.003919652215     1.0139570072354842
Fe     1    5703.126093684245     1.0026731382636282
Mg     1    5712.67244653875      1.0165407988675543
Fe     1    5733.351777140469     1.0093709892896061
Mo     1    5753.003233598317     1.0
Fe     1    5754.725694364557     1.0069230292488551
Ni     1    5756.266106436666     1.01470500341899
Si     1    5773.7487834999965    1.0202634104921005
Fe     1    5776.682068284723     1.0191157445853143
Cr     1    5785.46991952334      1.0212729631008013
Cr     1    5789.524004264603     1.0155500453031563
Si     1    5794.678983613339     1.0230247226727816
Fe     1    5808.334937855258     1.0188348606062916
Fe     1    5810.828105047002     1.01959600466151
Fe     1    5853.842217745841     1.0262882582742827
Ca     1    5859.074618420989     1.0168005109808882
Fe     1    5861.214191182892     1.0163372948304221
Fe     1    5863.984932920292     1.0186647869087333
Ti     1    5868.077328493994     1.0
Ca     1    5869.1883259238175    1.0
Ca     1    5869.196328066112     1.0
Fe     1    6483.660928685685     1.0
Ca     1    6495.575329443239     1.0119978100558003
Fe     1    6496.775051753972     1.0092296887040038
Fe     1    6500.734015360068     1.0070999144220867
Fe     2    6517.876921161999     1.0157067936440458
Fe     1    6520.16663637006      1.0073576565540887
Fe     1    6548.046527753324     1.0165429745809877
Ni     1    6588.128999672801     1.0195846367991255
Fe     1    6594.73337474588      1.0147455455525893
Fe     1    6595.690732061377     1.0193045945025667
Fe     1    6599.381424044337     1.020641978177831
Sc     2    6606.425117291336     1.0201997095755697
Fe     1    6610.935029524423     1.0116786881167825
Fe     1    6629.374086067407     1.0213474250222117
Ni     1    6645.484617017192     1.0183472630525054
Fe     1    6679.82895072668      1.0187561972988177
Al     1    6697.87170219246      1.0171232397478138
Al     1    6700.522414966865     1.001867115418291
Fe     1    6705.416731065437     1.0171627935572967
Cr     1    6723.703748749681     1.017136134859253
Fe     1    6727.2123923259205    1.0
Fe     1    6735.0089891072275    1.0
Si     1    7682.383915272238     1.0022978205976962
Mg     1    7693.666959557328     1.0030528971508519
K      1    7701.083260605108     1.003511793138303
Fe     1    7712.487037622347     1.0042443229027445
Fe     2    7713.842803447365     1.0044478825396144
Ni     1    7717.714448136995     1.004859214299544
Fe     1    7750.401268486927     0.9964723756833416
Ni     1    7751.022436112898     0.9935720288723716
Fe     1    7753.243035357763     1.0077627493211592
O      1    7774.082659254023     1.0094477497465715
O      1    7776.305259075406     1.0102561944492516
O      1    7777.52758895167      1.0099581881184636
Ni     1    7791.07324465637      1.0096059535406385
Ni     1    7799.72557981853      1.0088637288936833
Rb     1    7802.205249061444     1.0106688739863008
Al     1    7837.464765789455     1.008183376809777
Al     1    7838.289988531767     1.0094999311445911
Si     1    7852.143727973151     1.0132598040869327
UL     3    4723.47               1.0214573497709336
UL     3    4745.74               1.0188418496893679
UL     3    4749.47               1.0227843664734468
UL     3    4765.26               1.0076294316236307
UL     3    4774.16               1.0142156406779408
UL     3    4791.0                0.9907085348617819
UL     3    4808.33               1.0225796800476459
UL     3    4814.84               0.9953529311998699
UL     3    4819.16               1.0142134373791976
UL     3    4825.5                1.0115918868648042
UL     3    4830.74               0.985148869230098
UL     3    4834.09               1.01236884969846
UL     3    4840.91               1.010485462961373
UL     3    4849.61               1.0190368336810738
UL     3    4852.85               1.0244465080830285
UL     3    5655.46               1.0
UL     3    5677.0                1.0124945106625165
UL     3    5693.09               1.0150565786339854
UL     3    5695.25               1.0138414742446373
UL     3    5707.59               1.0127669677492956
UL     3    5708.68               1.0124861130811973
UL     3    5716.69               1.0142182406048215
UL     3    5719.45               1.014044236704537
UL     3    5753.66               1.0191881793047675
UL     3    5792.62               1.0208867244174136
UL     3    6501.47               1.0106097968385663
UL     3    6571.05               1.0124741042510472
UL     3    6576.88               1.0218967610442804
UL     3    6706.96               1.0153981008324016
UL     3    6728.57               1.0
UL     3    7716.42               1.00474915150068
UL     3    7725.34               1.0022421494285838
UL     3    7729.78               1.0054115084319168
UL     3    7744.87               1.0076397114427542
UL     3    7782.75               1.0103101306319222
UL     3    7810.04               1.0102514765511357
UL     3    7834.36               1.0112454700906959
