#elem  ion  wave                  correction(aperture/stacked)
La     2    4717.759567724955     1.0
Mg     1    4731.351766619823     1.0006580573319088
Fe     1    4734.916110486742     1.0142370291817429
Mn     1    4740.415566878147     1.0205785910888436
Fe     1    4742.8552129917925    1.0165383152806737
Fe     1    4747.1273444713015    1.0196334889910728
Ti     1    4759.448408090701     1.0458008803361636
Ti     1    4760.600613316287     1.0422110211696218
Mn     1    4762.837505895204     1.0266235028393584
Ti     2    4765.857005824366     1.0150136966229948
Fe     1    4780.775258460967     1.0190159461616628
V      1    4785.804091043368     1.0
Fe     1    4789.165481822721     1.0323225846430555
Fe     1    4790.095328242028     1.017886032661671
Cr     1    4790.673881566418     0.9744691917231237
Ti     2    4799.872619512944     1.0084342095603251
Cr     1    4802.366680566258     0.975503541750577
Fe     1    4804.222172380227     1.0103334231139007
Fe     1    4809.491669170637     0.9847463437722925
Zn     1    4811.881502677758     1.0255976036084176
Ti     1    4821.756520598129     1.0191156348368358
Ni     1    4832.529977081299     1.0198291842978398
Sm     2    4838.011430590429     1.0
Ti     1    4842.232549968105     1.0167349380328363
Fe     1    4845.367381317484     1.0097872619361274
Cr     2    4849.590501330725     1.0190594708962726
Ti     2    4850.522548526964     0.9962625862938235
Y      2    4856.217358959939     1.0064970585581572
Ti     2    4866.969511046126     1.0278339229880464
Ni     1    4867.629286068777     1.0232746941298054
Ti     2    4875.370739800553     0.9972926597467534
Fe     1    4877.238835417714     0.9973640739912879
Fe     1    4883.50749861639      1.0041626320468517
Y      2    4885.046006832402     1.0151732349900697
Cr     2    4885.974153103399     1.0013555889103811
Fe     1    4892.120884126167     1.0136417880093664
Fe     1    4892.858079747847     1.016255475744416
Fe     1    5653.03740205537      1.0
Fe     1    5653.886328981642     1.0
Sc     2    5659.466220575779     1.0015400961338257
Fe     1    5664.0875559795395    0.9943617584026776
Si     1    5667.126768463639     1.0170160172572489
Sc     2    5668.721694848641     0.9736858719091518
Fe     1    5669.090793523595     0.9990899036435804
Sc     2    5670.628204538431     1.0150303810141907
Fe     1    5680.598770204794     1.0123237192688703
Na     1    5684.210135764635     1.0030403680922821
Na     1    5689.783325901822     1.0135541598614766
Si     1    5692.003919652215     1.0145084480996365
Fe     1    5703.126093684245     1.002666742920161
Mg     1    5712.67244653875      1.0171917198495477
Fe     1    5733.351777140469     1.0096051521628433
Mo     1    5753.003233598317     1.0
Fe     1    5754.725694364557     1.0070137141033075
Ni     1    5756.266106436666     1.0149539696126735
Si     1    5773.7487834999965    1.0204816235521128
Fe     1    5776.682068284723     1.0192773301763196
Cr     1    5785.46991952334      1.0214171350318166
Cr     1    5789.524004264603     1.0156302564942823
Si     1    5794.678983613339     1.023145239668636
Fe     1    5808.334937855258     1.018868898213953
Fe     1    5810.828105047002     1.0196248557200882
Fe     1    5853.842217745841     1.0261530699406258
Ca     1    5859.074618420989     1.0166837852211517
Fe     1    5861.214191182892     1.0162201676079503
Fe     1    5863.984932920292     1.01852853046255
Ti     1    5868.077328493994     1.0
Ca     1    5869.1883259238175    1.0
Ca     1    5869.196328066112     1.0
Fe     1    6483.660928685685     1.0
Ca     1    6495.575329443239     1.0116520975786485
Fe     1    6496.775051753972     1.0089846514585676
Fe     1    6500.734015360068     1.0069461105674944
Fe     2    6517.876921161999     1.0157873330141733
Fe     1    6520.16663637006      1.0074024383437048
Fe     1    6548.046527753324     1.016892449798442
Ni     1    6588.128999672801     1.0199106102322733
Fe     1    6594.73337474588      1.0149006151721907
Fe     1    6595.690732061377     1.0195154182968773
Fe     1    6599.381424044337     1.0208522945272311
Sc     2    6606.425117291336     1.0203430827795255
Fe     1    6610.935029524423     1.0117270366407047
Fe     1    6629.374086067407     1.0213476322233797
Ni     1    6645.484617017192     1.018280204435922
Fe     1    6679.82895072668      1.018646754964451
Al     1    6697.87170219246      1.0171042241262
Al     1    6700.522414966865     1.0018670551495414
Fe     1    6705.416731065437     1.0171955540874627
Cr     1    6723.703748749681     1.017324805292722
Fe     1    6727.2123923259205    1.0
Fe     1    6735.0089891072275    1.0
Si     1    7682.383915272238     1.0028532848319025
Mg     1    7693.666959557328     1.0037294765848703
K      1    7701.083260605108     1.0041865787540318
Fe     1    7712.487037622347     1.0049359797163127
Fe     2    7713.842803447365     1.0051555256945648
Ni     1    7717.714448136995     1.0055705308429286
Fe     1    7750.401268486927     0.9960831321773703
Ni     1    7751.022436112898     0.9929289916117152
Fe     1    7753.243035357763     1.0083510833999316
O      1    7774.082659254023     1.010030235064552
O      1    7776.305259075406     1.010873971299141
O      1    7777.52758895167      1.0105506199332606
Ni     1    7791.07324465637      1.0099981934482432
Ni     1    7799.72557981853      1.0091811619620166
Rb     1    7802.205249061444     1.0110863970589852
Al     1    7837.464765789455     1.008566662516535
Al     1    7838.289988531767     1.0098554311051837
Si     1    7852.143727973151     1.013707557958017
UL     3    4723.47               1.0212538441848462
UL     3    4745.74               1.0188732748212144
UL     3    4749.47               1.0228540827094528
UL     3    4765.26               1.0076670934855467
UL     3    4774.16               1.014293696583123
UL     3    4791.0                0.9905170228352473
UL     3    4808.33               1.0227620311357688
UL     3    4814.84               0.9952497996264634
UL     3    4819.16               1.0143325201396982
UL     3    4825.5                1.011667679155042
UL     3    4830.74               0.9849925176826958
UL     3    4834.09               1.0124293632280041
UL     3    4840.91               1.0105113023922203
UL     3    4849.61               1.0190593641790093
UL     3    4852.85               1.0244557454303163
UL     3    5655.46               1.0
UL     3    5677.0                1.0129673747695975
UL     3    5693.09               1.0156752725227676
UL     3    5695.25               1.0143332911408736
UL     3    5707.59               1.0132996914548025
UL     3    5708.68               1.0129590347030295
UL     3    5716.69               1.0146992136782673
UL     3    5719.45               1.014509232464991
UL     3    5753.66               1.019534976646748
UL     3    5792.62               1.0210005786533225
UL     3    6501.47               1.010414639921814
UL     3    6571.05               1.0126942835377284
UL     3    6576.88               1.022311821261833
UL     3    6706.96               1.0154383417366073
UL     3    6728.57               1.0
UL     3    7716.42               1.0054837381481274
UL     3    7725.34               1.0025046802473914
UL     3    7729.78               1.0060503703856472
UL     3    7744.87               1.0083466396039094
UL     3    7782.75               1.0107958488214395
UL     3    7810.04               1.0105967569388479
UL     3    7834.36               1.0116004505015237
