#elem  ion  wave                  correction(aperture/stacked)
La     2    4717.759567724955     1.0
Mg     1    4731.351766619823     1.000841882876475
Fe     1    4734.916110486742     1.013273471451669
Mn     1    4740.415566878147     1.0192899865355007
Fe     1    4742.8552129917925    1.0155734046981773
Fe     1    4747.1273444713015    1.0186719819479673
Ti     1    4759.448408090701     1.0442116360156855
Ti     1    4760.600613316287     1.0408370046918
Mn     1    4762.837505895204     1.025738804337603
Ti     2    4765.857005824366     1.0144481694007734
Fe     1    4780.775258460967     1.0184470169682527
V      1    4785.804091043368     1.0
Fe     1    4789.165481822721     1.0311307761813304
Fe     1    4790.095328242028     1.0171839715713527
Cr     1    4790.673881566418     0.9759089595916114
Ti     2    4799.872619512944     1.0081293169877616
Cr     1    4802.366680566258     0.9769202978852777
Fe     1    4804.222172380227     1.0094422951758326
Fe     1    4809.491669170637     0.9857159283101228
Zn     1    4811.881502677758     1.0244191210107847
Ti     1    4821.756520598129     1.0179931218533127
Ni     1    4832.529977081299     1.018411925584846
Sm     2    4838.011430590429     1.0
Ti     1    4842.232549968105     1.0157087731235943
Fe     1    4845.367381317484     1.0093565763238925
Cr     2    4849.590501330725     1.0177926596988507
Ti     2    4850.522548526964     0.9969498406770035
Y      2    4856.217358959939     1.0061314082028392
Ti     2    4866.969511046126     1.026512028331113
Ni     1    4867.629286068777     1.0221984497075371
Ti     2    4875.370739800553     0.9976586796290372
Fe     1    4877.238835417714     0.9975808304035139
Fe     1    4883.50749861639      1.004043781759256
Y      2    4885.046006832402     1.0145725501617684
Cr     2    4885.974153103399     1.0009369560401415
Fe     1    4892.120884126167     1.0133794010840584
Fe     1    4892.858079747847     1.0159390715879577
Fe     1    5653.03740205537      1.0
Fe     1    5653.886328981642     1.0
Sc     2    5659.466220575779     1.001534992122038
Fe     1    5664.0875559795395    0.9948528211174119
Si     1    5667.126768463639     1.016171813353392
Sc     2    5668.721694848641     0.9753947627452343
Fe     1    5669.090793523595     0.9993101445505438
Sc     2    5670.628204538431     1.0142564972106658
Fe     1    5680.598770204794     1.0116902474241805
Na     1    5684.210135764635     1.0029661760530746
Na     1    5689.783325901822     1.0129097894953092
Si     1    5692.003919652215     1.0138523296484376
Fe     1    5703.126093684245     1.0026731525883235
Mg     1    5712.67244653875      1.0165971952932822
Fe     1    5733.351777140469     1.009419985692328
Mo     1    5753.003233598317     1.0
Fe     1    5754.725694364557     1.006941682088898
Ni     1    5756.266106436666     1.0147721056897232
Si     1    5773.7487834999965    1.0202863688887025
Fe     1    5776.682068284723     1.0191266252199007
Cr     1    5785.46991952334      1.0212593696896304
Cr     1    5789.524004264603     1.0155336465652516
Si     1    5794.678983613339     1.022976163253969
Fe     1    5808.334937855258     1.0187736775515916
Fe     1    5810.828105047002     1.0195239073194502
Fe     1    5853.842217745841     1.0260352539415323
Ca     1    5859.074618420989     1.0165817612994323
Fe     1    5861.214191182892     1.016146892094849
Fe     1    5863.984932920292     1.0184330017925771
Ti     1    5868.077328493994     1.0
Ca     1    5869.1883259238175    1.0
Ca     1    5869.196328066112     1.0
Fe     1    6483.660928685685     1.0
Ca     1    6495.575329443239     1.0109469233589645
Fe     1    6496.775051753972     1.0084276080399095
Fe     1    6500.734015360068     1.0064030221205624
Fe     2    6517.876921161999     1.0143556162994394
Fe     1    6520.16663637006      1.0068396387918783
Fe     1    6548.046527753324     1.0155026509617116
Ni     1    6588.128999672801     1.018649029767053
Fe     1    6594.73337474588      1.0141791353284466
Fe     1    6595.690732061377     1.018530546326312
Fe     1    6599.381424044337     1.0197958128475144
Sc     2    6606.425117291336     1.0194599692684325
Fe     1    6610.935029524423     1.0113731613464145
Fe     1    6629.374086067407     1.0207002258173432
Ni     1    6645.484617017192     1.0178261197542362
Fe     1    6679.82895072668      1.0182076507721787
Al     1    6697.87170219246      1.0166003478614853
Al     1    6700.522414966865     1.0019506404334793
Fe     1    6705.416731065437     1.0167451405738246
Cr     1    6723.703748749681     1.016701022696703
Fe     1    6727.2123923259205    1.0
Fe     1    6735.0089891072275    1.0
Si     1    7682.383915272238     1.0026442743651949
Mg     1    7693.666959557328     1.0035466706634217
K      1    7701.083260605108     1.0040335135077214
Fe     1    7712.487037622347     1.0048209372006445
Fe     2    7713.842803447365     1.005041744178197
Ni     1    7717.714448136995     1.0054656481222246
Fe     1    7750.401268486927     0.9960913352495931
Ni     1    7751.022436112898     0.9929408608645075
Fe     1    7753.243035357763     1.0083459765597156
O      1    7774.082659254023     1.0100815708459707
O      1    7776.305259075406     1.0109356571784447
O      1    7777.52758895167      1.0106149262949755
Ni     1    7791.07324465637      1.0100684340243706
Ni     1    7799.72557981853      1.0092565616719513
Rb     1    7802.205249061444     1.0111923289512008
Al     1    7837.464765789455     1.008714130622478
Al     1    7838.289988531767     1.0099910409069643
Si     1    7852.143727973151     1.0138763839171523
UL     3    4723.47               1.0191204950524944
UL     3    4745.74               1.0178874999556453
UL     3    4749.47               1.0217348078459443
UL     3    4765.26               1.007509079033526
UL     3    4774.16               1.0139346568733043
UL     3    4791.0                0.9912241638529319
UL     3    4808.33               1.0218435756070061
UL     3    4814.84               0.9958352847855931
UL     3    4819.16               1.0135289858190142
UL     3    4825.5                1.0110279929838741
UL     3    4830.74               0.9865243814191103
UL     3    4834.09               1.0116714303500662
UL     3    4840.91               1.0099854679824654
UL     3    4849.61               1.0177925585565146
UL     3    4852.85               1.0224916208056203
UL     3    5655.46               1.0
UL     3    5677.0                1.0122560764876625
UL     3    5693.09               1.0149509759463644
UL     3    5695.25               1.0137440168032008
UL     3    5707.59               1.0127855465536795
UL     3    5708.68               1.0125078795785678
UL     3    5716.69               1.0142782403776573
UL     3    5719.45               1.0141120409077222
UL     3    5753.66               1.0192650094480242
UL     3    5792.62               1.0208510892358242
UL     3    6501.47               1.0096490846033648
UL     3    6571.05               1.0118803129949452
UL     3    6576.88               1.0207487984126364
UL     3    6706.96               1.0150188124475392
UL     3    6728.57               1.0
UL     3    7716.42               1.0053713777538356
UL     3    7725.34               1.0024756550629923
UL     3    7729.78               1.005987906109935
UL     3    7744.87               1.0083169481961884
UL     3    7782.75               1.010862995074678
UL     3    7810.04               1.0106945158633862
UL     3    7834.36               1.011749509196651
