#elem  ion  wave                  correction(aperture/stacked)
La     2    4717.759567724955     1.0
Mg     1    4731.351766619823     1.0007216711252884
Fe     1    4734.916110486742     1.0139498650420689
Mn     1    4740.415566878147     1.0202528722720867
Fe     1    4742.8552129917925    1.016312218473977
Fe     1    4747.1273444713015    1.0194370744525794
Ti     1    4759.448408090701     1.0456716862881836
Ti     1    4760.600613316287     1.0421167869617138
Mn     1    4762.837505895204     1.0265858666073793
Ti     2    4765.857005824366     1.015003586107542
Fe     1    4780.775258460967     1.0190726719196663
V      1    4785.804091043368     1.0
Fe     1    4789.165481822721     1.0324834843983757
Fe     1    4790.095328242028     1.017981480855217
Cr     1    4790.673881566418     0.9742574263395076
Ti     2    4799.872619512944     1.0084764976143286
Cr     1    4802.366680566258     0.9752992345812858
Fe     1    4804.222172380227     1.0104916502141572
Fe     1    4809.491669170637     0.9846133721329968
Zn     1    4811.881502677758     1.025751005619916
Ti     1    4821.756520598129     1.0192347034592533
Ni     1    4832.529977081299     1.0199483975788688
Sm     2    4838.011430590429     1.0
Ti     1    4842.232549968105     1.0168018630370377
Fe     1    4845.367381317484     1.009811327599693
Cr     2    4849.590501330725     1.0191344833963254
Ti     2    4850.522548526964     0.9962168095472177
Y      2    4856.217358959939     1.0065177023238452
Ti     2    4866.969511046126     1.0279271990871826
Ni     1    4867.629286068777     1.0233520765155868
Ti     2    4875.370739800553     0.9972554977441905
Fe     1    4877.238835417714     0.997341432658496
Fe     1    4883.50749861639      1.004182165576452
Y      2    4885.046006832402     1.015282982382944
Cr     2    4885.974153103399     1.0014371249161604
Fe     1    4892.120884126167     1.0137263201889695
Fe     1    4892.858079747847     1.0163653384400486
Fe     1    5653.03740205537      1.0
Fe     1    5653.886328981642     1.0
Sc     2    5659.466220575779     1.0015399665258615
Fe     1    5664.0875559795395    0.9943072974208167
Si     1    5667.126768463639     1.017161956529755
Sc     2    5668.721694848641     0.973319757592409
Fe     1    5669.090793523595     0.9990380625513567
Sc     2    5670.628204538431     1.0152271986799495
Fe     1    5680.598770204794     1.012666299751356
Na     1    5684.210135764635     1.0030728773178659
Na     1    5689.783325901822     1.014030779441055
Si     1    5692.003919652215     1.0150281360068996
Fe     1    5703.126093684245     1.0026572605964095
Mg     1    5712.67244653875      1.0180061503971516
Fe     1    5733.351777140469     1.0099250357119924
Mo     1    5753.003233598317     1.0
Fe     1    5754.725694364557     1.0071439192387206
Ni     1    5756.266106436666     1.015356419115221
Si     1    5773.7487834999965    1.0209370731319436
Fe     1    5776.682068284723     1.0196296740404143
Cr     1    5785.46991952334      1.0217676929808182
Cr     1    5789.524004264603     1.015841542697151
Si     1    5794.678983613339     1.0235291888216693
Fe     1    5808.334937855258     1.0190862095310065
Fe     1    5810.828105047002     1.0198549317613037
Fe     1    5853.842217745841     1.0264911753609882
Ca     1    5859.074618420989     1.0169587723053404
Fe     1    5861.214191182892     1.0164672178262364
Fe     1    5863.984932920292     1.0188404851928377
Ti     1    5868.077328493994     1.0
Ca     1    5869.1883259238175    1.0
Ca     1    5869.196328066112     1.0
Fe     1    6483.660928685685     1.0
Ca     1    6495.575329443239     1.0114642242253236
Fe     1    6496.775051753972     1.008872085689155
Fe     1    6500.734015360068     1.0069310915591927
Fe     2    6517.876921161999     1.0163515386992932
Fe     1    6520.16663637006      1.0076303364875232
Fe     1    6548.046527753324     1.0178080280331652
Ni     1    6588.128999672801     1.0208200727296948
Fe     1    6594.73337474588      1.0154119807644422
Fe     1    6595.690732061377     1.0203140313786325
Fe     1    6599.381424044337     1.021609724111065
Sc     2    6606.425117291336     1.020958020437262
Fe     1    6610.935029524423     1.0119718891028981
Fe     1    6629.374086067407     1.0217688550565203
Ni     1    6645.484617017192     1.0185374801360854
Fe     1    6679.82895072668      1.018941193568826
Al     1    6697.87170219246      1.0175782118311616
Al     1    6700.522414966865     1.001790019561765
Fe     1    6705.416731065437     1.017670834084625
Cr     1    6723.703748749681     1.0181033667618142
Fe     1    6727.2123923259205    1.0
Fe     1    6735.0089891072275    1.0
Si     1    7682.383915272238     1.0039122282867312
Mg     1    7693.666959557328     1.0048571009470662
K      1    7701.083260605108     1.005261714790345
Fe     1    7712.487037622347     1.0059571675608399
Fe     2    7713.842803447365     1.0061949854645702
Ni     1    7717.714448136995     1.0066215651800048
Fe     1    7750.401268486927     0.995494854114126
Ni     1    7751.022436112898     0.9919627778607966
Fe     1    7753.243035357763     1.00917759086967
O      1    7774.082659254023     1.0109471774329726
O      1    7776.305259075406     1.0118577718300554
O      1    7777.52758895167      1.0115197777218494
Ni     1    7791.07324465637      1.0106448319549086
Ni     1    7799.72557981853      1.009762758990615
Rb     1    7802.205249061444     1.011864132481525
Al     1    7837.464765789455     1.0093180392130594
Al     1    7838.289988531767     1.0105426444656138
Si     1    7852.143727973151     1.014567361349122
UL     3    4723.47               1.0205072140516205
UL     3    4745.74               1.018659616624123
UL     3    4749.47               1.0226492400106917
UL     3    4765.26               1.0076624437405497
UL     3    4774.16               1.014313586317774
UL     3    4791.0                0.9904096632415278
UL     3    4808.33               1.0228873573610633
UL     3    4814.84               0.9951735728983099
UL     3    4819.16               1.0144229274627106
UL     3    4825.5                1.011729680640093
UL     3    4830.74               0.9848506215492189
UL     3    4834.09               1.0124886195586278
UL     3    4840.91               1.0105444740386322
UL     3    4849.61               1.0191343763592375
UL     3    4852.85               1.0245674743247024
UL     3    5655.46               1.0
UL     3    5677.0                1.0132713092899814
UL     3    5693.09               1.016275640024087
UL     3    5695.25               1.0148370094638572
UL     3    5707.59               1.0139653719840678
UL     3    5708.68               1.0135174881137896
UL     3    5716.69               1.0153480883809645
UL     3    5719.45               1.0151517373085877
UL     3    5753.66               1.0200853308280629
UL     3    5792.62               1.0213419981976564
UL     3    6501.47               1.0104167594948283
UL     3    6571.05               1.0132761301167352
UL     3    6576.88               1.0234378415056813
UL     3    6706.96               1.0158893722389786
UL     3    6728.57               1.0
UL     3    7716.42               1.0065757759484395
UL     3    7725.34               1.0028624540206763
UL     3    7729.78               1.006953033320834
UL     3    7744.87               1.009361466767221
UL     3    7782.75               1.0116115017718366
UL     3    7810.04               1.0112175426028935
UL     3    7834.36               1.0123172256333415
