#elem  ion  wave                  correction(aperture/stacked)
La     2    4717.759567724955     1.0
Mg     1    4731.351766619823     1.0005705486520475
Fe     1    4734.916110486742     1.0146826181795572
Mn     1    4740.415566878147     1.021202085020496
Fe     1    4742.8552129917925    1.0170331321482617
Fe     1    4747.1273444713015    1.020185901258553
Ti     1    4759.448408090701     1.0469996771926646
Ti     1    4760.600613316287     1.0432726332390063
Mn     1    4762.837505895204     1.0272291873844879
Ti     2    4765.857005824366     1.0155629703221685
Fe     1    4780.775258460967     1.0194456822084532
V      1    4785.804091043368     1.0
Fe     1    4789.165481822721     1.0332172170699616
Fe     1    4790.095328242028     1.0184038039263834
Cr     1    4790.673881566418     0.973320035842155
Ti     2    4799.872619512944     1.008631888091293
Cr     1    4802.366680566258     0.9745292090587573
Fe     1    4804.222172380227     1.0109392170881983
Fe     1    4809.491669170637     0.9841619111710063
Zn     1    4811.881502677758     1.0263336635023779
Ti     1    4821.756520598129     1.0196755443211036
Ni     1    4832.529977081299     1.0204447738396314
Sm     2    4838.011430590429     1.0
Ti     1    4842.232549968105     1.0171012534616415
Fe     1    4845.367381317484     1.009917969263989
Cr     2    4849.590501330725     1.0194715613914098
Ti     2    4850.522548526964     0.9960080975042681
Y      2    4856.217358959939     1.0066015649573232
Ti     2    4866.969511046126     1.0281613760348172
Ni     1    4867.629286068777     1.0235381897727118
Ti     2    4875.370739800553     0.9972170548641222
Fe     1    4877.238835417714     0.9973227406042922
Fe     1    4883.50749861639      1.0041830724602536
Y      2    4885.046006832402     1.015272095845282
Cr     2    4885.974153103399     1.001421548033823
Fe     1    4892.120884126167     1.0136749812244072
Fe     1    4892.858079747847     1.016294139579013
Fe     1    5653.03740205537      1.0
Fe     1    5653.886328981642     1.0
Sc     2    5659.466220575779     1.0015196297993458
Fe     1    5664.0875559795395    0.9936841932228477
Si     1    5667.126768463639     1.0181810651881884
Sc     2    5668.721694848641     0.971213917102617
Fe     1    5669.090793523595     0.9987499411346993
Sc     2    5670.628204538431     1.0161547056302414
Fe     1    5680.598770204794     1.0134453193728834
Na     1    5684.210135764635     1.0031330992133878
Na     1    5689.783325901822     1.0147340769988429
Si     1    5692.003919652215     1.0157323085260808
Fe     1    5703.126093684245     1.00262109793118
Mg     1    5712.67244653875      1.0186034599394211
Fe     1    5733.351777140469     1.0100850147354352
Mo     1    5753.003233598317     1.0
Fe     1    5754.725694364557     1.0072033470500563
Ni     1    5756.266106436666     1.0155600659892112
Si     1    5773.7487834999965    1.0211783511239563
Fe     1    5776.682068284723     1.0198192777805968
Cr     1    5785.46991952334      1.022009122236595
Cr     1    5789.524004264603     1.0159989437916304
Si     1    5794.678983613339     1.0238050983133302
Fe     1    5808.334937855258     1.019273004870123
Fe     1    5810.828105047002     1.0200617088163497
Fe     1    5853.842217745841     1.0269645357824204
Ca     1    5859.074618420989     1.0173247825022316
Fe     1    5861.214191182892     1.0167663221285592
Fe     1    5863.984932920292     1.0192630404604803
Ti     1    5868.077328493994     1.0
Ca     1    5869.1883259238175    1.0
Ca     1    5869.196328066112     1.0
Fe     1    6483.660928685685     1.0
Ca     1    6495.575329443239     1.0134108866398326
Fe     1    6496.775051753972     1.0103574178982169
Fe     1    6500.734015360068     1.0082477117561408
Fe     2    6517.876921161999     1.018936965687292
Fe     1    6520.16663637006      1.0085181320064676
Fe     1    6548.046527753324     1.0197131191427653
Ni     1    6588.128999672801     1.0223704803772857
Fe     1    6594.73337474588      1.0162131876845715
Fe     1    6595.690732061377     1.021560355329123
Fe     1    6599.381424044337     1.0227915754915553
Sc     2    6606.425117291336     1.0219006004922113
Fe     1    6610.935029524423     1.0123276410775235
Fe     1    6629.374086067407     1.0224497378125477
Ni     1    6645.484617017192     1.0190371743262845
Fe     1    6679.82895072668      1.0195507078717492
Al     1    6697.87170219246      1.0183612143423741
Al     1    6700.522414966865     1.001620390811652
Fe     1    6705.416731065437     1.0183625697629544
Cr     1    6723.703748749681     1.0190973361062976
Fe     1    6727.2123923259205    1.0
Fe     1    6735.0089891072275    1.0
Si     1    7682.383915272238     1.004438772234249
Mg     1    7693.666959557328     1.0052793546851697
K      1    7701.083260605108     1.0056120263779953
Fe     1    7712.487037622347     1.0062580791526552
Fe     2    7713.842803447365     1.0065004319700546
Ni     1    7717.714448136995     1.0069323818323415
Fe     1    7750.401268486927     0.995210348062901
Ni     1    7751.022436112898     0.9914918251981513
Fe     1    7753.243035357763     1.009600121326692
O      1    7774.082659254023     1.011578535401116
O      1    7776.305259075406     1.0125568529059334
O      1    7777.52758895167      1.0122186821442047
Ni     1    7791.07324465637      1.0111977679347315
Ni     1    7799.72557981853      1.0102789460262778
Rb     1    7802.205249061444     1.0125753834366396
Al     1    7837.464765789455     1.0099914002797474
Al     1    7838.289988531767     1.0111534160357907
Si     1    7852.143727973151     1.0152374125164814
UL     3    4723.47               1.021946415191749
UL     3    4745.74               1.0194237275683846
UL     3    4749.47               1.0235356157965296
UL     3    4765.26               1.0078403840782497
UL     3    4774.16               1.014551874294778
UL     3    4791.0                0.9899354239922835
UL     3    4808.33               1.0233673017785405
UL     3    4814.84               0.9948947850486505
UL     3    4819.16               1.0147517109309925
UL     3    4825.5                1.0119661039426928
UL     3    4830.74               0.9842639808860744
UL     3    4834.09               1.0127373463233895
UL     3    4840.91               1.010690242190094
UL     3    4849.61               1.0194714529370632
UL     3    4852.85               1.02505382836592
UL     3    5655.46               1.0
UL     3    5677.0                1.0141320687763162
UL     3    5693.09               1.017057624230932
UL     3    5695.25               1.0154443988124728
UL     3    5707.59               1.0144972445921019
UL     3    5708.68               1.0139524147907188
UL     3    5716.69               1.015757706023897
UL     3    5719.45               1.0155377594151982
UL     3    5753.66               1.0203427658205326
UL     3    5792.62               1.0215779437058599
UL     3    6501.47               1.012207933908743
UL     3    6571.05               1.0142530527166835
UL     3    6576.88               1.025280597553972
UL     3    6706.96               1.0165377108576341
UL     3    6728.57               1.0
UL     3    7716.42               1.0068982227629182
UL     3    7725.34               1.0029673992893808
UL     3    7729.78               1.0072456840094017
UL     3    7744.87               1.0097874153393072
UL     3    7782.75               1.0122489251891462
UL     3    7810.04               1.0118031864268235
UL     3    7834.36               1.0129609159834347
