#elem  ion  wave                  correction(aperture/stacked)
La     2    4717.759567724955     1.0
Mg     1    4731.351766619823     1.0005710077386554
Fe     1    4734.916110486742     1.0146721356398796
Mn     1    4740.415566878147     1.0211701695915674
Fe     1    4742.8552129917925    1.0170028036093852
Fe     1    4747.1273444713015    1.0201440225193412
Ti     1    4759.448408090701     1.0468867268186974
Ti     1    4760.600613316287     1.0431728722711024
Mn     1    4762.837505895204     1.0271658574145992
Ti     2    4765.857005824366     1.015504181957378
Fe     1    4780.775258460967     1.019406526039539
V      1    4785.804091043368     1.0
Fe     1    4789.165481822721     1.0331567289665344
Fe     1    4790.095328242028     1.01837061362142
Cr     1    4790.673881566418     0.973392241726958
Ti     2    4799.872619512944     1.0086281087911675
Cr     1    4802.366680566258     0.9745340164085768
Fe     1    4804.222172380227     1.010942802737178
Fe     1    4809.491669170637     0.984135418615575
Zn     1    4811.881502677758     1.0263764071718304
Ti     1    4821.756520598129     1.019762421753048
Ni     1    4832.529977081299     1.0206297535647533
Sm     2    4838.011430590429     1.0
Ti     1    4842.232549968105     1.0172760767513225
Fe     1    4845.367381317484     1.009987906849738
Cr     2    4849.590501330725     1.0197485947728449
Ti     2    4850.522548526964     0.9958235188994341
Y      2    4856.217358959939     1.0066950976637488
Ti     2    4866.969511046126     1.0286510545633376
Ni     1    4867.629286068777     1.0239440908902795
Ti     2    4875.370739800553     0.9970378049335503
Fe     1    4877.238835417714     0.9972119066739534
Fe     1    4883.50749861639      1.0042774484684587
Y      2    4885.046006832402     1.0157370962628802
Cr     2    4885.974153103399     1.001746411275665
Fe     1    4892.120884126167     1.0139556099767775
Fe     1    4892.858079747847     1.0166512053296926
Fe     1    5653.03740205537      1.0
Fe     1    5653.886328981642     1.0
Sc     2    5659.466220575779     1.0015202426121912
Fe     1    5664.0875559795395    0.9936839761322973
Si     1    5667.126768463639     1.0181943065437098
Sc     2    5668.721694848641     0.9711706341370334
Fe     1    5669.090793523595     0.9987428775898144
Sc     2    5670.628204538431     1.0161797936884527
Fe     1    5680.598770204794     1.01349448486241
Na     1    5684.210135764635     1.0031361548199125
Na     1    5689.783325901822     1.0147984823688119
Si     1    5692.003919652215     1.015800392185201
Fe     1    5703.126093684245     1.0026155498029272
Mg     1    5712.67244653875      1.0186832524840388
Fe     1    5733.351777140469     1.010116516186061
Mo     1    5753.003233598317     1.0
Fe     1    5754.725694364557     1.0072038959622975
Ni     1    5756.266106436666     1.0155599583418218
Si     1    5773.7487834999965    1.0211524775487868
Fe     1    5776.682068284723     1.019795908870555
Cr     1    5785.46991952334      1.0219720098459693
Cr     1    5789.524004264603     1.0159732577936862
Si     1    5794.678983613339     1.023750410792719
Fe     1    5808.334937855258     1.019230604623033
Fe     1    5810.828105047002     1.0200140441074794
Fe     1    5853.842217745841     1.0268625906391209
Ca     1    5859.074618420989     1.0172421946690853
Fe     1    5861.214191182892     1.0166996024562
Fe     1    5863.984932920292     1.019173043433862
Ti     1    5868.077328493994     1.0
Ca     1    5869.1883259238175    1.0
Ca     1    5869.196328066112     1.0
Fe     1    6483.660928685685     1.0
Ca     1    6495.575329443239     1.0125211510644359
Fe     1    6496.775051753972     1.0096975827001569
Fe     1    6500.734015360068     1.0077080750633676
Fe     2    6517.876921161999     1.0182191798874793
Fe     1    6520.16663637006      1.0082880896261706
Fe     1    6548.046527753324     1.0194768282736686
Ni     1    6588.128999672801     1.0224315898788365
Fe     1    6594.73337474588      1.0162649625042222
Fe     1    6595.690732061377     1.021645174836862
Fe     1    6599.381424044337     1.022891918076436
Sc     2    6606.425117291336     1.0220055580868437
Fe     1    6610.935029524423     1.0123706837211293
Fe     1    6629.374086067407     1.0225841816450782
Ni     1    6645.484617017192     1.019138884970348
Fe     1    6679.82895072668      1.0195449018735256
Al     1    6697.87170219246      1.0182502997832632
Al     1    6700.522414966865     1.0016483347367808
Fe     1    6705.416731065437     1.0182422521811263
Cr     1    6723.703748749681     1.0188725133215213
Fe     1    6727.2123923259205    1.0
Fe     1    6735.0089891072275    1.0
Si     1    7682.383915272238     1.0047415097520334
Mg     1    7693.666959557328     1.0056155306529233
K      1    7701.083260605108     1.0059374555566227
Fe     1    7712.487037622347     1.0065340989292821
Fe     2    7713.842803447365     1.0067777444884893
Ni     1    7717.714448136995     1.007213583636051
Fe     1    7750.401268486927     0.9951521085131905
Ni     1    7751.022436112898     0.9914024361769798
Fe     1    7753.243035357763     1.0096594081870174
O      1    7774.082659254023     1.0115108700669448
O      1    7776.305259075406     1.01246941188199
O      1    7777.52758895167      1.0121248636305176
Ni     1    7791.07324465637      1.0110825974621254
Ni     1    7799.72557981853      1.0101409104384567
Rb     1    7802.205249061444     1.0123848993491698
Al     1    7837.464765789455     1.0097893844783525
Al     1    7838.289988531767     1.010971451184395
Si     1    7852.143727973151     1.015038651161054
UL     3    4723.47               1.0219816536157478
UL     3    4745.74               1.019384475027574
UL     3    4749.47               1.0234789803001547
UL     3    4765.26               1.007822144467778
UL     3    4774.16               1.0145257769992206
UL     3    4791.0                0.989971481966817
UL     3    4808.33               1.0233864022014871
UL     3    4814.84               0.9948631381355844
UL     3    4819.16               1.014805374802741
UL     3    4825.5                1.0120249987307108
UL     3    4830.74               0.9840623424786743
UL     3    4834.09               1.0128368363902347
UL     3    4840.91               1.010769376405738
UL     3    4849.61               1.0197484851787373
UL     3    4852.85               1.0255179778630366
UL     3    5655.46               1.0
UL     3    5677.0                1.0141762278553534
UL     3    5693.09               1.017136031894606
UL     3    5695.25               1.0155064528338624
UL     3    5707.59               1.0145679995578967
UL     3    5708.68               1.014025206755993
UL     3    5716.69               1.0158142351487556
UL     3    5719.45               1.015590872076334
UL     3    5753.66               1.020346738045827
UL     3    5792.62               1.021532739524025
UL     3    6501.47               1.0114856788630768
UL     3    6571.05               1.0142243207464845
UL     3    6576.88               1.0252693581036607
UL     3    6706.96               1.0164211598399815
UL     3    6728.57               1.0
UL     3    7716.42               1.0071956819912182
UL     3    7725.34               1.0030433936254917
UL     3    7729.78               1.0074316897891762
UL     3    7744.87               1.0099152969465695
UL     3    7782.75               1.012129979519316
UL     3    7810.04               1.0116461601040707
UL     3    7834.36               1.0127700557403934
