#elem  ion  wave                  correction(aperture/stacked)
La     2    4717.759567724955     1.0
Mg     1    4731.351766619823     1.0007383697682242
Fe     1    4734.916110486742     1.0139007448948596
Mn     1    4740.415566878147     1.0202648299234722
Fe     1    4742.8552129917925    1.0163475658074286
Fe     1    4747.1273444713015    1.019518166785636
Ti     1    4759.448408090701     1.0459920500644753
Ti     1    4760.600613316287     1.0424931930298424
Mn     1    4762.837505895204     1.0267698033280397
Ti     2    4765.857005824366     1.015174095763401
Fe     1    4780.775258460967     1.019192191817925
V      1    4785.804091043368     1.0
Fe     1    4789.165481822721     1.0326670101241922
Fe     1    4790.095328242028     1.0180828059023008
Cr     1    4790.673881566418     0.9740418973858005
Ti     2    4799.872619512944     1.0084893390587157
Cr     1    4802.366680566258     0.975275384173717
Fe     1    4804.222172380227     1.010488020270621
Fe     1    4809.491669170637     0.984676851214609
Zn     1    4811.881502677758     1.0256435335258722
Ti     1    4821.756520598129     1.0190165481215119
Ni     1    4832.529977081299     1.0195208277693706
Sm     2    4838.011430590429     1.0
Ti     1    4842.232549968105     1.0164116603995788
Fe     1    4845.367381317484     1.009647977946948
Cr     2    4849.590501330725     1.0185569598717132
Ti     2    4850.522548526964     0.9965696658360066
Y      2    4856.217358959939     1.0063288401654356
Ti     2    4866.969511046126     1.0270421371184764
Ni     1    4867.629286068777     1.0226223038644924
Ti     2    4875.370739800553     0.9975568122831283
Fe     1    4877.238835417714     0.9975248063373922
Fe     1    4883.50749861639      1.0040612386668062
Y      2    4885.046006832402     1.0146411311224857
Cr     2    4885.974153103399     1.0009748463140609
Fe     1    4892.120884126167     1.013354833555811
Fe     1    4892.858079747847     1.0158993763528816
Fe     1    5653.03740205537      1.0
Fe     1    5653.886328981642     1.0
Sc     2    5659.466220575779     1.001540140721866
Fe     1    5664.0875559795395    0.9942995136248367
Si     1    5667.126768463639     1.017192169732616
Sc     2    5668.721694848641     0.9732382750441253
Fe     1    5669.090793523595     0.9990262636390995
Sc     2    5670.628204538431     1.015272660421199
Fe     1    5680.598770204794     1.0127463765645328
Na     1    5684.210135764635     1.003079772850582
Na     1    5689.783325901822     1.0141363140956796
Si     1    5692.003919652215     1.0151412877263382
Fe     1    5703.126093684245     1.0026504441423767
Mg     1    5712.67244653875      1.0181619208417112
Fe     1    5733.351777140469     1.0099783569197187
Mo     1    5753.003233598317     1.0
Fe     1    5754.725694364557     1.007162110026469
Ni     1    5756.266106436666     1.0154129792295163
Si     1    5773.7487834999965    1.0209848105963164
Fe     1    5776.682068284723     1.0196634463765888
Cr     1    5785.46991952334      1.021794362983078
Cr     1    5789.524004264603     1.015854717640078
Si     1    5794.678983613339     1.0235451218216514
Fe     1    5808.334937855258     1.0190824236388694
Fe     1    5810.828105047002     1.019848120228068
Fe     1    5853.842217745841     1.0264112639567846
Ca     1    5859.074618420989     1.016890910680741
Fe     1    5861.214191182892     1.016410391663611
Fe     1    5863.984932920292     1.018762129179943
Ti     1    5868.077328493994     1.0
Ca     1    5869.1883259238175    1.0
Ca     1    5869.196328066112     1.0
Fe     1    6483.660928685685     1.0
Ca     1    6495.575329443239     1.012051250643434
Fe     1    6496.775051753972     1.0093269299428498
Fe     1    6500.734015360068     1.0073419277658033
Fe     2    6517.876921161999     1.0172583114566551
Fe     1    6520.16663637006      1.0079638113595657
Fe     1    6548.046527753324     1.0185419310453285
Ni     1    6588.128999672801     1.0213732099487005
Fe     1    6594.73337474588      1.0156866093184733
Fe     1    6595.690732061377     1.0207474156296317
Fe     1    6599.381424044337     1.0220124984613366
Sc     2    6606.425117291336     1.0212599910546596
Fe     1    6610.935029524423     1.0120801703409754
Fe     1    6629.374086067407     1.0219149644732222
Ni     1    6645.484617017192     1.0185870870238278
Fe     1    6679.82895072668      1.018933329989379
Al     1    6697.87170219246      1.0176280782046632
Al     1    6700.522414966865     1.0017777445099028
Fe     1    6705.416731065437     1.0177438322368662
Cr     1    6723.703748749681     1.0182945487290231
Fe     1    6727.2123923259205    1.0
Fe     1    6735.0089891072275    1.0
Si     1    7682.383915272238     1.0041933598798798
Mg     1    7693.666959557328     1.005099658218083
K      1    7701.083260605108     1.0054675594702354
Fe     1    7712.487037622347     1.0061338508326119
Fe     2    7713.842803447365     1.0063737630193967
Ni     1    7717.714448136995     1.0068010375296208
Fe     1    7750.401268486927     0.9953590459109202
Ni     1    7751.022436112898     0.9917416106741259
Fe     1    7753.243035357763     1.0093643710830973
O      1    7774.082659254023     1.0112112663224448
O      1    7776.305259075406     1.0121480902015483
O      1    7777.52758895167      1.0118090085456166
Ni     1    7791.07324465637      1.0108755726945688
Ni     1    7799.72557981853      1.00996128802858
Rb     1    7802.205249061444     1.012138435488436
Al     1    7837.464765789455     1.0095753568931143
Al     1    7838.289988531767     1.0107780466535996
Si     1    7852.143727973151     1.0148153411562646
UL     3    4723.47               1.0201340908803154
UL     3    4745.74               1.018727513640693
UL     3    4749.47               1.0227733202556366
UL     3    4765.26               1.007716678418002
UL     3    4774.16               1.0143938480672456
UL     3    4791.0                0.9903028406334018
UL     3    4808.33               1.022840945331118
UL     3    4814.84               0.9952492936492183
UL     3    4819.16               1.014287709501173
UL     3    4825.5                1.011582599251867
UL     3    4830.74               0.985308366547325
UL     3    4834.09               1.0122558846727308
UL     3    4840.91               1.0103604420404961
UL     3    4849.61               1.0185568553371784
UL     3    4852.85               1.023624937314072
UL     3    5655.46               1.0
UL     3    5677.0                1.0133434533434516
UL     3    5693.09               1.0164057483652793
UL     3    5695.25               1.0149435554854211
UL     3    5707.59               1.0140947763475483
UL     3    5708.68               1.0136261883960946
UL     3    5716.69               1.0154649065075427
UL     3    5719.45               1.0152657922840749
UL     3    5753.66               1.0201646298047313
UL     3    5792.62               1.0213587673682125
UL     3    6501.47               1.0109803335231362
UL     3    6571.05               1.0136520655213546
UL     3    6576.88               1.0241407169311334
UL     3    6706.96               1.015963368489217
UL     3    6728.57               1.0
UL     3    7716.42               1.0067628856290243
UL     3    7725.34               1.0029208803712344
UL     3    7729.78               1.0071106869458941
UL     3    7744.87               1.0095674631989329
UL     3    7782.75               1.0118664460773945
UL     3    7810.04               1.0114541988490409
UL     3    7834.36               1.0125560431119442
