#elem  ion  wave                  correction(aperture/stacked)
La     2    4717.759567724955     1.0
Mg     1    4731.351766619823     1.0005006501209188
Fe     1    4734.916110486742     1.01502451342891
Mn     1    4740.415566878147     1.0216375564034375
Fe     1    4742.8552129917925    1.0173552071007705
Fe     1    4747.1273444713015    1.0205037197824507
Ti     1    4759.448408090701     1.0474264632826455
Ti     1    4760.600613316287     1.0436290064374198
Mn     1    4762.837505895204     1.0274343946219857
Ti     2    4765.857005824366     1.0157310754067277
Fe     1    4780.775258460967     1.0195118063815904
V      1    4785.804091043368     1.0
Fe     1    4789.165481822721     1.033304123535377
Fe     1    4790.095328242028     1.01845127130903
Cr     1    4790.673881566418     0.9732165311497628
Ti     2    4799.872619512944     1.0086419019360253
Cr     1    4802.366680566258     0.9744847830949664
Fe     1    4804.222172380227     1.0109628516061326
Fe     1    4809.491669170637     0.9841391453885545
Zn     1    4811.881502677758     1.0263597789892103
Ti     1    4821.756520598129     1.0197094065540853
Ni     1    4832.529977081299     1.0205240001482532
Sm     2    4838.011430590429     1.0
Ti     1    4842.232549968105     1.0171884549284784
Fe     1    4845.367381317484     1.0099547259804733
Cr     2    4849.590501330725     1.019624632516175
Ti     2    4850.522548526964     0.9959055909404065
Y      2    4856.217358959939     1.0066576411015573
Ti     2    4866.969511046126     1.0284877709038682
Ni     1    4867.629286068777     1.0238101680932754
Ti     2    4875.370739800553     0.9970904621983891
Fe     1    4877.238835417714     0.9972432579962907
Fe     1    4883.50749861639      1.0042574277772764
Y      2    4885.046006832402     1.0156301757094417
Cr     2    4885.974153103399     1.0016683696316786
Fe     1    4892.120884126167     1.0138950352996876
Fe     1    4892.858079747847     1.016575063234098
Fe     1    5653.03740205537      1.0
Fe     1    5653.886328981642     1.0
Sc     2    5659.466220575779     1.0015099191294137
Fe     1    5664.0875559795395    0.9934664577632906
Si     1    5667.126768463639     1.01851898680556
Sc     2    5668.721694848641     0.9704576384875094
Fe     1    5669.090793523595     0.9986337841736619
Sc     2    5670.628204538431     1.0164755326006847
Fe     1    5680.598770204794     1.0137350259631344
Na     1    5684.210135764635     1.0031476239615291
Na     1    5689.783325901822     1.0150015327106583
Si     1    5692.003919652215     1.0159967050838992
Fe     1    5703.126093684245     1.0026043677569
Mg     1    5712.67244653875      1.0187852838600877
Fe     1    5733.351777140469     1.0101156836631857
Mo     1    5753.003233598317     1.0
Fe     1    5754.725694364557     1.007195337215426
Ni     1    5756.266106436666     1.015531813347995
Si     1    5773.7487834999965    1.0211264854244106
Fe     1    5776.682068284723     1.019779592959554
Cr     1    5785.46991952334      1.0219711457570915
Cr     1    5789.524004264603     1.0159791242792446
Si     1    5794.678983613339     1.0237794696728773
Fe     1    5808.334937855258     1.0192845989897834
Fe     1    5810.828105047002     1.0200811746727612
Fe     1    5853.842217745841     1.0272688710976141
Ca     1    5859.074618420989     1.0176144690883921
Fe     1    5861.214191182892     1.0169983025546887
Fe     1    5863.984932920292     1.019594567000058
Ti     1    5868.077328493994     1.0
Ca     1    5869.1883259238175    1.0
Ca     1    5869.196328066112     1.0
Fe     1    6483.660928685685     1.0
Ca     1    6495.575329443239     1.0137673377098382
Fe     1    6496.775051753972     1.010617988763202
Fe     1    6500.734015360068     1.0084582562861109
Fe     2    6517.876921161999     1.0191989763231806
Fe     1    6520.16663637006      1.008589504599527
Fe     1    6548.046527753324     1.0197874224940187
Ni     1    6588.128999672801     1.0223996913346487
Fe     1    6594.73337474588      1.0162281715913835
Fe     1    6595.690732061377     1.0215836034730301
Fe     1    6599.381424044337     1.0228148618290456
Sc     2    6606.425117291336     1.021920209003571
Fe     1    6610.935029524423     1.0123349419884253
Fe     1    6629.374086067407     1.0224650988721156
Ni     1    6645.484617017192     1.0190389530925796
Fe     1    6679.82895072668      1.0194709987016426
Al     1    6697.87170219246      1.018204957866459
Al     1    6700.522414966865     1.0016573796327248
Fe     1    6705.416731065437     1.0182150861929467
Cr     1    6723.703748749681     1.0188565917163854
Fe     1    6727.2123923259205    1.0
Fe     1    6735.0089891072275    1.0
Si     1    7682.383915272238     1.0049028190896305
Mg     1    7693.666959557328     1.0057660483812254
K      1    7701.083260605108     1.0060627429916376
Fe     1    7712.487037622347     1.0066286799406376
Fe     2    7713.842803447365     1.0068709930994786
Ni     1    7717.714448136995     1.0072989114775461
Fe     1    7750.401268486927     0.9951430133740032
Ni     1    7751.022436112898     0.9913888237124652
Fe     1    7753.243035357763     1.0096675421348213
O      1    7774.082659254023     1.0115060946639498
O      1    7776.305259075406     1.0124647437119447
O      1    7777.52758895167      1.0121207000582553
Ni     1    7791.07324465637      1.01108913080252
Ni     1    7799.72557981853      1.0101567834987406
Rb     1    7802.205249061444     1.012422730981118
Al     1    7837.464765789455     1.009912331798948
Al     1    7838.289988531767     1.0110850213558795
Si     1    7852.143727973151     1.0152275746522468
UL     3    4723.47               1.02270297665609
UL     3    4745.74               1.0197539880767619
UL     3    4749.47               1.0239023749270473
UL     3    4765.26               1.0078934524937222
UL     3    4774.16               1.0146059939135532
UL     3    4791.0                0.9898836603390598
UL     3    4808.33               1.0233881273695302
UL     3    4814.84               0.9948797521882884
UL     3    4819.16               1.0147732362763047
UL     3    4825.5                1.0119892759197517
UL     3    4830.74               0.9841800393758892
UL     3    4834.09               1.0127810871487006
UL     3    4840.91               1.0107290459184037
UL     3    4849.61               1.0196245234292247
UL     3    4852.85               1.0253207673467133
UL     3    5655.46               1.0
UL     3    5677.0                1.0144495790277013
UL     3    5693.09               1.0173528968706613
UL     3    5695.25               1.0156641934206785
UL     3    5707.59               1.0146930263938214
UL     3    5708.68               1.014113024053337
UL     3    5716.69               1.0158730205202022
UL     3    5719.45               1.015637678633357
UL     3    5753.66               1.0203101235036638
UL     3    5792.62               1.0215513345326384
UL     3    6501.47               1.0124835754078272
UL     3    6571.05               1.0142741585964545
UL     3    6576.88               1.0253170887936367
UL     3    6706.96               1.0163977157353838
UL     3    6728.57               1.0
UL     3    7716.42               1.0072877210626379
UL     3    7725.34               1.0030646504641803
UL     3    7729.78               1.0074801913920877
UL     3    7744.87               1.0099392114938825
UL     3    7782.75               1.012129382957425
UL     3    7810.04               1.0116815997447266
UL     3    7834.36               1.0128755070455309
