#elem  ion  wave                  correction(aperture/stacked)
La     2    4717.759567724955     1.0
Mg     1    4731.351766619823     1.0006406746078456
Fe     1    4734.916110486742     1.0143181179849126
Mn     1    4740.415566878147     1.0206886315769172
Fe     1    4742.8552129917925    1.0166235144377433
Fe     1    4747.1273444713015    1.0197266121795363
Ti     1    4759.448408090701     1.0460034550525488
Ti     1    4760.600613316287     1.0424796277324226
Mn     1    4762.837505895204     1.0267375603811324
Ti     2    4765.857005824366     1.0151205813489899
Fe     1    4780.775258460967     1.019121281828591
V      1    4785.804091043368     1.0
Fe     1    4789.165481822721     1.0325642725769657
Fe     1    4790.095328242028     1.0180275765159557
Cr     1    4790.673881566418     0.9741570792445657
Ti     2    4799.872619512944     1.008492161354437
Cr     1    4802.366680566258     0.9752240554728537
Fe     1    4804.222172380227     1.010535030128199
Fe     1    4809.491669170637     0.9845720567503002
Zn     1    4811.881502677758     1.02579529867661
Ti     1    4821.756520598129     1.019248282915615
Ni     1    4832.529977081299     1.0198992382512801
Sm     2    4838.011430590429     1.0
Ti     1    4842.232549968105     1.0167006974196182
Fe     1    4845.367381317484     1.0097615263886865
Cr     2    4849.590501330725     1.0189146970464447
Ti     2    4850.522548526964     0.9963591959315159
Y      2    4856.217358959939     1.0064235304913245
Ti     2    4866.969511046126     1.0272780738474137
Ni     1    4867.629286068777     1.0228061919325075
Ti     2    4875.370739800553     0.9975447280750996
Fe     1    4877.238835417714     0.9975271488516603
Fe     1    4883.50749861639      1.0040346987489561
Y      2    4885.046006832402     1.0144641091582065
Cr     2    4885.974153103399     1.0008305007308607
Fe     1    4892.120884126167     1.0131308003070374
Fe     1    4892.858079747847     1.0156069268196808
Fe     1    5653.03740205537      1.0
Fe     1    5653.886328981642     1.0
Sc     2    5659.466220575779     1.0015375214356466
Fe     1    5664.0875559795395    0.9942189701570137
Si     1    5667.126768463639     1.0172774543473968
Sc     2    5668.721694848641     0.9731129076600034
Fe     1    5669.090793523595     0.9990108104397373
Sc     2    5670.628204538431     1.0153003639801084
Fe     1    5680.598770204794     1.0126450034294663
Na     1    5684.210135764635     1.0030689330231797
Na     1    5689.783325901822     1.0139379014886793
Si     1    5692.003919652215     1.0149174830091292
Fe     1    5703.126093684245     1.0026652045302569
Mg     1    5712.67244653875      1.0177760924699144
Fe     1    5733.351777140469     1.009840015709188
Mo     1    5753.003233598317     1.0
Fe     1    5754.725694364557     1.0071166323896497
Ni     1    5756.266106436666     1.0152729023377094
Si     1    5773.7487834999965    1.0208738245122924
Fe     1    5776.682068284723     1.0195855732320087
Cr     1    5785.46991952334      1.0217332139672344
Cr     1    5789.524004264603     1.0158238115834441
Si     1    5794.678983613339     1.0235040780168974
Fe     1    5808.334937855258     1.0190770551513766
Fe     1    5810.828105047002     1.0198451295250204
Fe     1    5853.842217745841     1.0263724155434428
Ca     1    5859.074618420989     1.0168442561514177
Fe     1    5861.214191182892     1.016366362088584
Fe     1    5863.984932920292     1.0186921318385034
Ti     1    5868.077328493994     1.0
Ca     1    5869.1883259238175    1.0
Ca     1    5869.196328066112     1.0
Fe     1    6483.660928685685     1.0
Ca     1    6495.575329443239     1.014907743963305
Fe     1    6496.775051753972     1.011421563531864
Fe     1    6500.734015360068     1.0090216127469513
Fe     2    6517.876921161999     1.0192166225273578
Fe     1    6520.16663637006      1.008560125088931
Fe     1    6548.046527753324     1.018991421173521
Ni     1    6588.128999672801     1.0214438730840754
Fe     1    6594.73337474588      1.0157455159368995
Fe     1    6595.690732061377     1.0208485298661043
Fe     1    6599.381424044337     1.0221397225509525
Sc     2    6606.425117291336     1.0214239106095189
Fe     1    6610.935029524423     1.012160727945713
Fe     1    6629.374086067407     1.0223156927322146
Ni     1    6645.484617017192     1.0190885963499268
Fe     1    6679.82895072668      1.0196609335725664
Al     1    6697.87170219246      1.018184161988784
Al     1    6700.522414966865     1.0016724224612321
Fe     1    6705.416731065437     1.0180797993094055
Cr     1    6723.703748749681     1.018289077493107
Fe     1    6727.2123923259205    1.0
Fe     1    6735.0089891072275    1.0
Si     1    7682.383915272238     1.0042552268993787
Mg     1    7693.666959557328     1.005111167036588
K      1    7701.083260605108     1.0054452548976187
Fe     1    7712.487037622347     1.0060639156791331
Fe     2    7713.842803447365     1.0062968616093668
Ni     1    7717.714448136995     1.0067054779922133
Fe     1    7750.401268486927     0.9955080419887837
Ni     1    7751.022436112898     0.9919852756799055
Fe     1    7753.243035357763     1.009155655163145
O      1    7774.082659254023     1.0108850706461117
O      1    7776.305259075406     1.0118025273153295
O      1    7777.52758895167      1.011464265602674
Ni     1    7791.07324465637      1.0105993060774778
Ni     1    7799.72557981853      1.009718094573863
Rb     1    7802.205249061444     1.0118011450703792
Al     1    7837.464765789455     1.0092156960262137
Al     1    7838.289988531767     1.0104482555832268
Si     1    7852.143727973151     1.014414659902422
UL     3    4723.47               1.0214279683567067
UL     3    4745.74               1.0189664566789003
UL     3    4749.47               1.0229684608609548
UL     3    4765.26               1.0077009908207912
UL     3    4774.16               1.0143515885444199
UL     3    4791.0                0.9903592809023837
UL     3    4808.33               1.0229272884833527
UL     3    4814.84               0.9951539968740412
UL     3    4819.16               1.0144390823791594
UL     3    4825.5                1.011728907477941
UL     3    4830.74               0.9848911202084322
UL     3    4834.09               1.0124564755977141
UL     3    4840.91               1.010500766883844
UL     3    4849.61               1.018914590950913
UL     3    4852.85               1.024155421030638
UL     3    5655.46               1.0
UL     3    5677.0                1.0132818347402854
UL     3    5693.09               1.01614282023282
UL     3    5695.25               1.0147196644565584
UL     3    5707.59               1.0137841708288322
UL     3    5708.68               1.0133626426476434
UL     3    5716.69               1.0151700940642066
UL     3    5719.45               1.0149755708559294
UL     3    5753.66               1.0199665544331742
UL     3    5792.62               1.0213177425992876
UL     3    6501.47               1.013200841549334
UL     3    6571.05               1.0137076272933436
UL     3    6576.88               1.0242178817687624
UL     3    6706.96               1.0162476365191606
UL     3    6728.57               1.0
UL     3    7716.42               1.0066695828962366
UL     3    7725.34               1.0028788935522865
UL     3    7729.78               1.0069818983215235
UL     3    7744.87               1.0093515256172108
UL     3    7782.75               1.011560871574788
UL     3    7810.04               1.0111612041001712
UL     3    7834.36               1.0122256868337256
