#elem  ion  wave                  correction(aperture/stacked)
La     2    4717.759567724955     1.0
Mg     1    4731.351766619823     1.000345240405863
Fe     1    4734.916110486742     1.0155803931581497
Mn     1    4740.415566878147     1.022332500243275
Fe     1    4742.8552129917925    1.0178656497957637
Fe     1    4747.1273444713015    1.0210012783027784
Ti     1    4759.448408090701     1.0480720499721645
Ti     1    4760.600613316287     1.0441659535142367
Mn     1    4762.837505895204     1.0277424928004333
Ti     2    4765.857005824366     1.0159849431598977
Fe     1    4780.775258460967     1.0196128508674835
V      1    4785.804091043368     1.0
Fe     1    4789.165481822721     1.033449332729152
Fe     1    4790.095328242028     1.0185317301798273
Cr     1    4790.673881566418     0.9730384071716862
Ti     2    4799.872619512944     1.0086639744152877
Cr     1    4802.366680566258     0.9743776429027281
Fe     1    4804.222172380227     1.011023296770581
Fe     1    4809.491669170637     0.9840725689242855
Zn     1    4811.881502677758     1.0264376038375542
Ti     1    4821.756520598129     1.0197950626108283
Ni     1    4832.529977081299     1.0206737169980271
Sm     2    4838.011430590429     1.0
Ti     1    4842.232549968105     1.0173199421967536
Fe     1    4845.367381317484     1.0100059522580842
Cr     2    4849.590501330725     1.0198256574560827
Ti     2    4850.522548526964     0.995770601107935
Y      2    4856.217358959939     1.0067229856323896
Ti     2    4866.969511046126     1.0288087051767287
Ni     1    4867.629286068777     1.0240750233280842
Ti     2    4875.370739800553     0.9969769794579602
Fe     1    4877.238835417714     0.9971747923722276
Fe     1    4883.50749861639      1.0043032222745345
Y      2    4885.046006832402     1.0158773842622577
Cr     2    4885.974153103399     1.001850207618561
Fe     1    4892.120884126167     1.014041143457866
Fe     1    4892.858079747847     1.0167594979094434
Fe     1    5653.03740205537      1.0
Fe     1    5653.886328981642     1.0
Sc     2    5659.466220575779     1.0014930218810059
Fe     1    5664.0875559795395    0.9930716179499213
Si     1    5667.126768463639     1.0190937618804798
Sc     2    5668.721694848641     0.9691763117114279
Fe     1    5669.090793523595     0.9984307225164761
Sc     2    5670.628204538431     1.0169935991785923
Fe     1    5680.598770204794     1.0141556398908482
Na     1    5684.210135764635     1.0031644054976097
Na     1    5689.783325901822     1.0153773342468675
Si     1    5692.003919652215     1.0163674046759967
Fe     1    5703.126093684245     1.002588769022858
Mg     1    5712.67244653875      1.019099879315777
Fe     1    5733.351777140469     1.0101997753900962
Mo     1    5753.003233598317     1.0
Fe     1    5754.725694364557     1.0072357327393087
Ni     1    5756.266106436666     1.0156273372976452
Si     1    5773.7487834999965    1.021238106656216
Fe     1    5776.682068284723     1.0198653727248417
Cr     1    5785.46991952334      1.0220669773842017
Cr     1    5789.524004264603     1.0160378718305132
Si     1    5794.678983613339     1.0238894158795546
Fe     1    5808.334937855258     1.0194064368049325
Fe     1    5810.828105047002     1.0202129347757272
Fe     1    5853.842217745841     1.0273766931314756
Ca     1    5859.074618420989     1.017700604179911
Fe     1    5861.214191182892     1.0170839572964518
Fe     1    5863.984932920292     1.0196873048730182
Ti     1    5868.077328493994     1.0
Ca     1    5869.1883259238175    1.0
Ca     1    5869.196328066112     1.0
Fe     1    6483.660928685685     1.0
Ca     1    6495.575329443239     1.015973130638279
Fe     1    6496.775051753972     1.012242776641827
Fe     1    6500.734015360068     1.0098421232079593
Fe     2    6517.876921161999     1.0212261407451135
Fe     1    6520.16663637006      1.0091635920609332
Fe     1    6548.046527753324     1.0208077914402107
Ni     1    6588.128999672801     1.0230277727738653
Fe     1    6594.73337474588      1.0165424591792476
Fe     1    6595.690732061377     1.0220723838979784
Fe     1    6599.381424044337     1.0232971955578758
Sc     2    6606.425117291336     1.0223122259605515
Fe     1    6610.935029524423     1.0124775165559392
Fe     1    6629.374086067407     1.022883929083972
Ni     1    6645.484617017192     1.0194328518341698
Fe     1    6679.82895072668      1.0201894325651155
Al     1    6697.87170219246      1.0191064417470699
Al     1    6700.522414966865     1.001454900804351
Fe     1    6705.416731065437     1.0189579689447315
Cr     1    6723.703748749681     1.019755970562081
Fe     1    6727.2123923259205    1.0
Fe     1    6735.0089891072275    1.0
Si     1    7682.383915272238     1.0053901084510575
Mg     1    7693.666959557328     1.0062201322449413
K      1    7701.083260605108     1.0064379164759343
Fe     1    7712.487037622347     1.006954012688893
Fe     2    7713.842803447365     1.007197411016505
Ni     1    7717.714448136995     1.0076044681407594
Fe     1    7750.401268486927     0.9949863081845521
Ni     1    7751.022436112898     0.9911383244089169
Fe     1    7753.243035357763     1.0098648544164899
O      1    7774.082659254023     1.01172047591653
O      1    7776.305259075406     1.012694723787897
O      1    7777.52758895167      1.0123466993076884
Ni     1    7791.07324465637      1.011235256829343
Ni     1    7799.72557981853      1.0102949054963317
Rb     1    7802.205249061444     1.0125927855380503
Al     1    7837.464765789455     1.0100239796459982
Al     1    7838.289988531767     1.0111844079729395
Si     1    7852.143727973151     1.0153143600420997
UL     3    4723.47               1.023963876302951
UL     3    4745.74               1.0202732074239989
UL     3    4749.47               1.0245005784572536
UL     3    4765.26               1.0079725614506088
UL     3    4774.16               1.0146864950090588
UL     3    4791.0                0.9897939484607386
UL     3    4808.33               1.0234477000496893
UL     3    4814.84               0.9948353739262837
UL     3    4819.16               1.0148315290615468
UL     3    4825.5                1.0120419972409824
UL     3    4830.74               0.9840132028620588
UL     3    4834.09               1.0128602496844539
UL     3    4840.91               1.01078878537571
UL     3    4849.61               1.0198255475490487
UL     3    4852.85               1.025652292160664
UL     3    5655.46               1.0
UL     3    5677.0                1.014926490769792
UL     3    5693.09               1.0177687384011258
UL     3    5695.25               1.0159720185085395
UL     3    5707.59               1.014982550917364
UL     3    5708.68               1.014345293017558
UL     3    5716.69               1.0160929724124625
UL     3    5719.45               1.0158636256594618
UL     3    5753.66               1.020441450519467
UL     3    5792.62               1.0216468239769938
UL     3    6501.47               1.014307274271143
UL     3    6571.05               1.0147014052912742
UL     3    6576.88               1.0260955009507378
UL     3    6706.96               1.0170845945887035
UL     3    6728.57               1.0
UL     3    7716.42               1.0076101480445099
UL     3    7725.34               1.0031539284888467
UL     3    7729.78               1.0077291662861743
UL     3    7744.87               1.010188575009462
UL     3    7782.75               1.0123297822222301
UL     3    7810.04               1.0118095407755492
UL     3    7834.36               1.0129854042063966
