#elem  ion  wave                  correction(aperture/stacked)
La     2    4717.759567724955     1.0
Mg     1    4731.351766619823     1.0005616355166551
Fe     1    4734.916110486742     1.0146387357245914
Mn     1    4740.415566878147     1.020947085968913
Fe     1    4742.8552129917925    1.0167644602178871
Fe     1    4747.1273444713015    1.0197652202162357
Ti     1    4759.448408090701     1.045404103838154
Ti     1    4760.600613316287     1.04181016642491
Mn     1    4762.837505895204     1.0262627630902854
Ti     2    4765.857005824366     1.0147144278853797
Fe     1    4780.775258460967     1.0184776052718851
V      1    4785.804091043368     1.0
Fe     1    4789.165481822721     1.0310243183027452
Fe     1    4790.095328242028     1.017113906780968
Cr     1    4790.673881566418     0.9760635582108044
Ti     2    4799.872619512944     1.0080836394034514
Cr     1    4802.366680566258     0.9771338436328322
Fe     1    4804.222172380227     1.0093083203385815
Fe     1    4809.491669170637     0.9858333499968702
Zn     1    4811.881502677758     1.0242941629763862
Ti     1    4821.756520598129     1.0179779752110212
Ni     1    4832.529977081299     1.018562790313505
Sm     2    4838.011430590429     1.0
Ti     1    4842.232549968105     1.015937584562941
Fe     1    4845.367381317484     1.0094696134324521
Cr     2    4849.590501330725     1.0181886969155296
Ti     2    4850.522548526964     0.9967275566600693
Y      2    4856.217358959939     1.0062770544864992
Ti     2    4866.969511046126     1.0272489579422925
Ni     1    4867.629286068777     1.0228084350420323
Ti     2    4875.370739800553     0.9974067669713832
Fe     1    4877.238835417714     0.9974207295738886
Fe     1    4883.50749861639      1.0041490368383896
Y      2    4885.046006832402     1.015131317162851
Cr     2    4885.974153103399     1.0013398731450907
Fe     1    4892.120884126167     1.013701524644225
Fe     1    4892.858079747847     1.0163427142693187
Fe     1    5653.03740205537      1.0
Fe     1    5653.886328981642     1.0
Sc     2    5659.466220575779     1.0015326358666097
Fe     1    5664.0875559795395    0.9951351472760384
Si     1    5667.126768463639     1.0155168179163783
Sc     2    5668.721694848641     0.9767406889302551
Fe     1    5669.090793523595     0.9994566036332952
Sc     2    5670.628204538431     1.013524919280192
Fe     1    5680.598770204794     1.0108693920687382
Na     1    5684.210135764635     1.0028362609173163
Na     1    5689.783325901822     1.0116109838106995
Si     1    5692.003919652215     1.0124302848724958
Fe     1    5703.126093684245     1.0026096990190458
Mg     1    5712.67244653875      1.0144451196626874
Fe     1    5733.351777140469     1.008488159941764
Mo     1    5753.003233598317     1.0
Fe     1    5754.725694364557     1.0065546169178798
Ni     1    5756.266106436666     1.0136309899023148
Si     1    5773.7487834999965    1.0190673172941456
Fe     1    5776.682068284723     1.0181785588212076
Cr     1    5785.46991952334      1.0203355603188875
Cr     1    5789.524004264603     1.0149785279476626
Si     1    5794.678983613339     1.0221014108722768
Fe     1    5808.334937855258     1.018414533719886
Fe     1    5810.828105047002     1.0191747060217213
Fe     1    5853.842217745841     1.0265217672021016
Ca     1    5859.074618420989     1.0170663716248167
Fe     1    5861.214191182892     1.016579631507065
Fe     1    5863.984932920292     1.019049685046979
Ti     1    5868.077328493994     1.0
Ca     1    5869.1883259238175    1.0
Ca     1    5869.196328066112     1.0
Fe     1    6483.660928685685     1.0
Ca     1    6495.575329443239     1.0105895427539058
Fe     1    6496.775051753972     1.0081645268816288
Fe     1    6500.734015360068     1.0062001939070755
Fe     2    6517.876921161999     1.0141442956335944
Fe     1    6520.16663637006      1.0067647608246408
Fe     1    6548.046527753324     1.015463689676306
Ni     1    6588.128999672801     1.018538079795948
Fe     1    6594.73337474588      1.014078102012139
Fe     1    6595.690732061377     1.0183863908256738
Fe     1    6599.381424044337     1.0196100527328387
Sc     2    6606.425117291336     1.0192427780521252
Fe     1    6610.935029524423     1.0112471374770777
Fe     1    6629.374086067407     1.0202645215231507
Ni     1    6645.484617017192     1.0172905759502595
Fe     1    6679.82895072668      1.0170904983678095
Al     1    6697.87170219246      1.0152261165722964
Al     1    6700.522414966865     1.0021112612224925
Fe     1    6705.416731065437     1.0155000185224912
Cr     1    6723.703748749681     1.015238783890193
Fe     1    6727.2123923259205    1.0
Fe     1    6735.0089891072275    1.0
Si     1    7682.383915272238     1.0003707656882126
Mg     1    7693.666959557328     1.000846403464607
K      1    7701.083260605108     1.0012650449549647
Fe     1    7712.487037622347     1.0020432652440419
Fe     2    7713.842803447365     1.0021973541805382
Ni     1    7717.714448136995     1.0025629302528962
Fe     1    7750.401268486927     0.9975593568884036
Ni     1    7751.022436112898     0.9954249477070418
Fe     1    7753.243035357763     1.0059355594658548
O      1    7774.082659254023     1.007846600663249
O      1    7776.305259075406     1.0085492898707
O      1    7777.52758895167      1.0083121677951334
Ni     1    7791.07324465637      1.0083533472365278
Ni     1    7799.72557981853      1.0077709870672846
Rb     1    7802.205249061444     1.0092770473955863
Al     1    7837.464765789455     1.0067900558586853
Al     1    7838.289988531767     1.0082010403607105
Si     1    7852.143727973151     1.0115864884568733
UL     3    4723.47               1.0223446548477302
UL     3    4745.74               1.019044129581915
UL     3    4749.47               1.0229337220454677
UL     3    4765.26               1.0075763634952322
UL     3    4774.16               1.0140434200948596
UL     3    4791.0                0.9913026983062769
UL     3    4808.33               1.0217231358251104
UL     3    4814.84               0.9958810919889587
UL     3    4819.16               1.013496208253553
UL     3    4825.5                1.0110458863443919
UL     3    4830.74               0.9863938177663466
UL     3    4834.09               1.0117666003115227
UL     3    4840.91               1.0100939241759026
UL     3    4849.61               1.0181885939760928
UL     3    4852.85               1.0231752576883888
UL     3    5655.46               1.0
UL     3    5677.0                1.011457695655043
UL     3    5693.09               1.0133372993913807
UL     3    5695.25               1.012322645876353
UL     3    5707.59               1.0110916224888113
UL     3    5708.68               1.0109912683784517
UL     3    5716.69               1.012535396434112
UL     3    5719.45               1.0124097793915587
UL     3    5753.66               1.0177352379985016
UL     3    5792.62               1.0200503101203717
UL     3    6501.47               1.0093773767096474
UL     3    6571.05               1.0118507890053337
UL     3    6576.88               1.0206682923835384
UL     3    6706.96               1.0138727688735605
UL     3    6728.57               1.0
UL     3    7716.42               1.0024395236460528
UL     3    7725.34               1.001373413073099
UL     3    7729.78               1.0034122010327309
UL     3    7744.87               1.0054800869881089
UL     3    7782.75               1.0087555751874862
UL     3    7810.04               1.0090933240118178
UL     3    7834.36               1.0099272400655372
