#elem  ion  wave                  correction(aperture/stacked)
La     2    4717.759567724955     1.0
Mg     1    4731.351766619823     1.0006002116122024
Fe     1    4734.916110486742     1.014456768937188
Mn     1    4740.415566878147     1.0207655768803425
Fe     1    4742.8552129917925    1.01664054573822
Fe     1    4747.1273444713015    1.0196658931580975
Ti     1    4759.448408090701     1.045443127612183
Ti     1    4760.600613316287     1.0418650186124907
Mn     1    4762.837505895204     1.026320230859512
Ti     2    4765.857005824366     1.014786395292063
Fe     1    4780.775258460967     1.0186663616180884
V      1    4785.804091043368     1.0
Fe     1    4789.165481822721     1.0314190523242095
Fe     1    4790.095328242028     1.0173489466844716
Cr     1    4790.673881566418     0.9755705169598085
Ti     2    4799.872619512944     1.0081836542893694
Cr     1    4802.366680566258     0.9766731455540166
Fe     1    4804.222172380227     1.0095960978053198
Fe     1    4809.491669170637     0.9855636377697986
Zn     1    4811.881502677758     1.0246004812052278
Ti     1    4821.756520598129     1.018140601074409
Ni     1    4832.529977081299     1.01852569473796
Sm     2    4838.011430590429     1.0
Ti     1    4842.232549968105     1.0157118718164435
Fe     1    4845.367381317484     1.009342097745344
Cr     2    4849.590501330725     1.0176787131179246
Ti     2    4850.522548526964     0.9970190403242034
Y      2    4856.217358959939     1.006054221624493
Ti     2    4866.969511046126     1.0257415340137055
Ni     1    4867.629286068777     1.0215465158984856
Ti     2    4875.370739800553     0.9979680589128554
Fe     1    4877.238835417714     0.9977969209445828
Fe     1    4883.50749861639      1.003878268967311
Y      2    4885.046006832402     1.0135222762624772
Cr     2    4885.974153103399     1.000161306826587
Fe     1    4892.120884126167     1.0125888559244087
Fe     1    4892.858079747847     1.014933425103295
Fe     1    5653.03740205537      1.0
Fe     1    5653.886328981642     1.0
Sc     2    5659.466220575779     1.001539623166545
Fe     1    5664.0875559795395    0.994358917879049
Si     1    5667.126768463639     1.0169942960501233
Sc     2    5668.721694848641     0.9737614746076988
Fe     1    5669.090793523595     0.9991010988448515
Sc     2    5670.628204538431     1.014979739717595
Fe     1    5680.598770204794     1.0121915968479467
Na     1    5684.210135764635     1.0030259219386375
Na     1    5689.783325901822     1.013345046919931
Si     1    5692.003919652215     1.0142748640096735
Fe     1    5703.126093684245     1.002671747015961
Mg     1    5712.67244653875      1.016773422737004
Fe     1    5733.351777140469     1.009407846489931
Mo     1    5753.003233598317     1.0
Fe     1    5754.725694364557     1.0069208109485213
Ni     1    5756.266106436666     1.0146944465487233
Si     1    5773.7487834999965    1.0201987990527344
Fe     1    5776.682068284723     1.0190576562404396
Cr     1    5785.46991952334      1.021185901209243
Cr     1    5789.524004264603     1.0154886559001348
Si     1    5794.678983613339     1.0228988039207156
Fe     1    5808.334937855258     1.0187326723703178
Fe     1    5810.828105047002     1.0194810484115824
Fe     1    5853.842217745841     1.0259811306765043
Ca     1    5859.074618420989     1.0165387190512403
Fe     1    5861.214191182892     1.0161109992828439
Fe     1    5863.984932920292     1.0183855397897346
Ti     1    5868.077328493994     1.0
Ca     1    5869.1883259238175    1.0
Ca     1    5869.196328066112     1.0
Fe     1    6483.660928685685     1.0
Ca     1    6495.575329443239     1.0132841566041892
Fe     1    6496.775051753972     1.010240616514454
Fe     1    6500.734015360068     1.0080588735145928
Fe     2    6517.876921161999     1.0179991902807763
Fe     1    6520.16663637006      1.0081831573752456
Fe     1    6548.046527753324     1.0185031087357415
Ni     1    6588.128999672801     1.0209152818330662
Fe     1    6594.73337474588      1.015417488798283
Fe     1    6595.690732061377     1.0203112609739955
Fe     1    6599.381424044337     1.0215650484002377
Sc     2    6606.425117291336     1.020852022410968
Fe     1    6610.935029524423     1.0119119776580643
Fe     1    6629.374086067407     1.021443355552259
Ni     1    6645.484617017192     1.018157194472869
Fe     1    6679.82895072668      1.0181996093431616
Al     1    6697.87170219246      1.0166728177655266
Al     1    6700.522414966865     1.0019349080493989
Fe     1    6705.416731065437     1.0168858854163476
Cr     1    6723.703748749681     1.0171849179987447
Fe     1    6727.2123923259205    1.0
Fe     1    6735.0089891072275    1.0
Si     1    7682.383915272238     1.0031207111570313
Mg     1    7693.666959557328     1.003826532360479
K      1    7701.083260605108     1.004189203197021
Fe     1    7712.487037622347     1.0048301590137896
Fe     2    7713.842803447365     1.005036854698742
Ni     1    7717.714448136995     1.00541938981964
Fe     1    7750.401268486927     0.9962475741461978
Ni     1    7751.022436112898     0.9932009933790769
Fe     1    7753.243035357763     1.008091121947122
O      1    7774.082659254023     1.0097777804259542
O      1    7776.305259075406     1.0106073294899172
O      1    7777.52758895167      1.010290421955413
Ni     1    7791.07324465637      1.0098464202292123
Ni     1    7799.72557981853      1.0090648092636147
Rb     1    7802.205249061444     1.0109378860221812
Al     1    7837.464765789455     1.0084892323130288
Al     1    7838.289988531767     1.0097824893779372
Si     1    7852.143727973151     1.013637687854182
UL     3    4723.47               1.0219823071324772
UL     3    4745.74               1.0189320549658611
UL     3    4749.47               1.0228396880249473
UL     3    4765.26               1.0076096609712737
UL     3    4774.16               1.0141161734408783
UL     3    4791.0                0.991058040890262
UL     3    4808.33               1.0219925461336452
UL     3    4814.84               0.9957520307850474
UL     3    4819.16               1.0136402385803605
UL     3    4825.5                1.0111041564129095
UL     3    4830.74               0.986386318613465
UL     3    4834.09               1.0117248909309724
UL     3    4840.91               1.0099938953775032
UL     3    4849.61               1.0176786124996797
UL     3    4852.85               1.0222157625169634
UL     3    5655.46               1.0
UL     3    5677.0                1.0128601089734448
UL     3    5693.09               1.0154035516524766
UL     3    5695.25               1.0140984597468778
UL     3    5707.59               1.0129736361220367
UL     3    5708.68               1.0126596642950854
UL     3    5716.69               1.014365379372269
UL     3    5719.45               1.0141755213582442
UL     3    5753.66               1.019182642120425
UL     3    5792.62               1.0207822173511816
UL     3    6501.47               1.0119324872573128
UL     3    6571.05               1.0134691824419184
UL     3    6576.88               1.023722192639267
UL     3    6706.96               1.0151664102639817
UL     3    6728.57               1.0
UL     3    7716.42               1.005337328015737
UL     3    7725.34               1.0024350028075484
UL     3    7729.78               1.0058540771140838
UL     3    7744.87               1.0080703796540007
UL     3    7782.75               1.0105876699796488
UL     3    7810.04               1.010478753615328
UL     3    7834.36               1.0115301118419093
