#elem  ion  wave                  correction(aperture/stacked)
La     2    4717.759567724955     1.0
Mg     1    4731.351766619823     1.0007797849619249
Fe     1    4734.916110486742     1.0134813051341576
Mn     1    4740.415566878147     1.0192291942665308
Fe     1    4742.8552129917925    1.0154053384048387
Fe     1    4747.1273444713015    1.0182824148195038
Ti     1    4759.448408090701     1.042479993602343
Ti     1    4760.600613316287     1.039248756795236
Mn     1    4762.837505895204     1.024688631342289
Ti     2    4765.857005824366     1.013742448379969
Fe     1    4780.775258460967     1.017503680884966
V      1    4785.804091043368     1.0
Fe     1    4789.165481822721     1.029180993571541
Fe     1    4790.095328242028     1.0160281641021685
Cr     1    4790.673881566418     0.9782209021360871
Ti     2    4799.872619512944     1.0076689058377315
Cr     1    4802.366680566258     0.9789746357380961
Fe     1    4804.222172380227     1.0081011232551709
Fe     1    4809.491669170637     0.9870210792444563
Zn     1    4811.881502677758     1.0227781056792642
Ti     1    4821.756520598129     1.0164464977398033
Ni     1    4832.529977081299     1.016740020055614
Sm     2    4838.011430590429     1.0
Ti     1    4842.232549968105     1.0143449170452998
Fe     1    4845.367381317484     1.0087114436433147
Cr     2    4849.590501330725     1.0159107959754636
Ti     2    4850.522548526964     0.9978651769102517
Y      2    4856.217358959939     1.0054711527631721
Ti     2    4866.969511046126     1.023012636551972
Ni     1    4867.629286068777     1.0192848283669402
Ti     2    4875.370739800553     0.9986743181058284
Fe     1    4877.238835417714     0.9982914252893178
Fe     1    4883.50749861639      1.0034905911788286
Y      2    4885.046006832402     1.011239473741196
Cr     2    4885.974153103399     0.9985773842774839
Fe     1    4892.120884126167     1.0111313828310016
Fe     1    4892.858079747847     1.013124745526797
Fe     1    5653.03740205537      1.0
Fe     1    5653.886328981642     1.0
Sc     2    5659.466220575779     1.001513669665171
Fe     1    5664.0875559795395    0.9955150151946631
Si     1    5667.126768463639     1.0147784936016886
Sc     2    5668.721694848641     0.9781234309475352
Fe     1    5669.090793523595     0.9996050663436868
Sc     2    5670.628204538431     1.0128698603856399
Fe     1    5680.598770204794     1.0104099874058778
Na     1    5684.210135764635     1.0027585691450491
Na     1    5689.783325901822     1.011190041277919
Si     1    5692.003919652215     1.0120188761174933
Fe     1    5703.126093684245     1.0025802580583876
Mg     1    5712.67244653875      1.0142833100157778
Fe     1    5733.351777140469     1.0084894938574813
Mo     1    5753.003233598317     1.0
Fe     1    5754.725694364557     1.0065417974175537
Ni     1    5756.266106436666     1.013585878327233
Si     1    5773.7487834999965    1.018825598765129
Fe     1    5776.682068284723     1.017945071779436
Cr     1    5785.46991952334      1.019926897085385
Cr     1    5789.524004264603     1.0146619213594577
Si     1    5794.678983613339     1.0214673625420987
Fe     1    5808.334937855258     1.0177797614518005
Fe     1    5810.828105047002     1.0184505299930737
Fe     1    5853.842217745841     1.0238847527554915
Ca     1    5859.074618420989     1.0149259634373955
Fe     1    5861.214191182892     1.0147154876016196
Fe     1    5863.984932920292     1.016550980627021
Ti     1    5868.077328493994     1.0
Ca     1    5869.1883259238175    1.0
Ca     1    5869.196328066112     1.0
Fe     1    6483.660928685685     1.0
Ca     1    6495.575329443239     1.0107436148657447
Fe     1    6496.775051753972     1.008283245451288
Fe     1    6500.734015360068     1.0063052350199768
Fe     2    6517.876921161999     1.0143255572654588
Fe     1    6520.16663637006      1.0068327811083613
Fe     1    6548.046527753324     1.0154881426641778
Ni     1    6588.128999672801     1.0182878189150468
Fe     1    6594.73337474588      1.01388039917442
Fe     1    6595.690732061377     1.018095958337848
Fe     1    6599.381424044337     1.0192552554977146
Sc     2    6606.425117291336     1.0188628675829356
Fe     1    6610.935029524423     1.0110586079903066
Fe     1    6629.374086067407     1.0196891205697325
Ni     1    6645.484617017192     1.016642764268911
Fe     1    6679.82895072668      1.0159662921353725
Al     1    6697.87170219246      1.013948061084324
Al     1    6700.522414966865     1.0021940987914788
Fe     1    6705.416731065437     1.0143210636644748
Cr     1    6723.703748749681     1.0139421251912628
Fe     1    6727.2123923259205    1.0
Fe     1    6735.0089891072275    1.0
Si     1    7682.383915272238     1.0009210466849054
Mg     1    7693.666959557328     1.0014416138842361
K      1    7701.083260605108     1.001837904911998
Fe     1    7712.487037622347     1.0025327142341196
Fe     2    7713.842803447365     1.002687694033071
Ni     1    7717.714448136995     1.0030263058659539
Fe     1    7750.401268486927     0.9975359353958959
Ni     1    7751.022436112898     0.9953919109585794
Fe     1    7753.243035357763     1.0059412655049973
O      1    7774.082659254023     1.0076072775822769
O      1    7776.305259075406     1.00827128101186
O      1    7777.52758895167      1.0080367974520084
Ni     1    7791.07324465637      1.0080250537306252
Ni     1    7799.72557981853      1.0074467358778112
Rb     1    7802.205249061444     1.008843531329236
Al     1    7837.464765789455     1.0064402662807217
Al     1    7838.289988531767     1.0078759254879368
Si     1    7852.143727973151     1.011321402044534
UL     3    4723.47               1.0205383147960005
UL     3    4745.74               1.0175390981803758
UL     3    4749.47               1.0211373406793567
UL     3    4765.26               1.0073252555963488
UL     3    4774.16               1.0133691838949752
UL     3    4791.0                0.9923498553524178
UL     3    4808.33               1.0205328254889905
UL     3    4814.84               0.9965120284775565
UL     3    4819.16               1.0124210389610098
UL     3    4825.5                1.0101503180614435
UL     3    4830.74               0.9882567001245253
UL     3    4834.09               1.0107483357296698
UL     3    4840.91               1.0092790537150156
UL     3    4849.61               1.0159107038580835
UL     3    4852.85               1.0193980697625842
UL     3    5655.46               1.0
UL     3    5677.0                1.0109278420214096
UL     3    5693.09               1.0128994663903303
UL     3    5695.25               1.0119736490793458
UL     3    5707.59               1.0109037705087103
UL     3    5708.68               1.0108331676069866
UL     3    5716.69               1.0124448070902596
UL     3    5719.45               1.0123437629627041
UL     3    5753.66               1.0176927390435695
UL     3    5792.62               1.0195356266469298
UL     3    6501.47               1.0095220086014087
UL     3    6571.05               1.0117727136665091
UL     3    6576.88               1.0204581162474775
UL     3    6706.96               1.0127952516587901
UL     3    6728.57               1.0
UL     3    7716.42               1.00291387370107
UL     3    7725.34               1.0015335757704416
UL     3    7729.78               1.0037076775326428
UL     3    7744.87               1.0056075774228328
UL     3    7782.75               1.0084150934534382
UL     3    7810.04               1.008721069588058
UL     3    7834.36               1.009568258285197
