#elem  ion  wave                  correction(aperture/stacked)
La     2    4717.759567724955     1.0
Mg     1    4731.351766619823     1.0007742011973564
Fe     1    4734.916110486742     1.0136630668695548
Mn     1    4740.415566878147     1.0198161371749301
Fe     1    4742.8552129917925    1.015996334376785
Fe     1    4747.1273444713015    1.019093483202057
Ti     1    4759.448408090701     1.0450090814901085
Ti     1    4760.600613316287     1.0415377317381596
Mn     1    4762.837505895204     1.0261755001737112
Ti     2    4765.857005824366     1.014729185046996
Fe     1    4780.775258460967     1.0188311482442163
V      1    4785.804091043368     1.0
Fe     1    4789.165481822721     1.0319845921501563
Fe     1    4790.095328242028     1.0176912266767484
Cr     1    4790.673881566418     0.974889182653255
Ti     2    4799.872619512944     1.0083490602055598
Cr     1    4802.366680566258     0.9758464358974684
Fe     1    4804.222172380227     1.01012600083791
Fe     1    4809.491669170637     0.9849645837574235
Zn     1    4811.881502677758     1.0253397153079526
Ti     1    4821.756520598129     1.0188826487558165
Ni     1    4832.529977081299     1.0195350888921666
Sm     2    4838.011430590429     1.0
Ti     1    4842.232549968105     1.016525261168034
Fe     1    4845.367381317484     1.0097054242582977
Cr     2    4849.590501330725     1.0187904533697218
Ti     2    4850.522548526964     0.9964257964695233
Y      2    4856.217358959939     1.0064185683347253
Ti     2    4866.969511046126     1.0275232627007145
Ni     1    4867.629286068777     1.023021011249242
Ti     2    4875.370739800553     0.9973869755653729
Fe     1    4877.238835417714     0.9974176420934203
Fe     1    4883.50749861639      1.0041310209701524
Y      2    4885.046006832402     1.015010883992847
Cr     2    4885.974153103399     1.0012408823472863
Fe     1    4892.120884126167     1.013563781905772
Fe     1    4892.858079747847     1.0161599595572013
Fe     1    5653.03740205537      1.0
Fe     1    5653.886328981642     1.0
Sc     2    5659.466220575779     1.0015349193708785
Fe     1    5664.0875559795395    0.994546720185355
Si     1    5667.126768463639     1.0167172531556252
Sc     2    5668.721694848641     0.9742828143394724
Fe     1    5669.090793523595     0.9991684624243735
Sc     2    5670.628204538431     1.014771789331477
Fe     1    5680.598770204794     1.0121447270885815
Na     1    5684.210135764635     1.003026645504548
Na     1    5689.783325901822     1.0134377043186966
Si     1    5692.003919652215     1.0144040262955911
Fe     1    5703.126093684245     1.002667338630438
Mg     1    5712.67244653875      1.0172271811559086
Fe     1    5733.351777140469     1.0096587451624757
Mo     1    5753.003233598317     1.0
Fe     1    5754.725694364557     1.0070471125808875
Ni     1    5756.266106436666     1.0150580304405625
Si     1    5773.7487834999965    1.0206204952445834
Fe     1    5776.682068284723     1.0194027400239654
Cr     1    5785.46991952334      1.021538165848582
Cr     1    5789.524004264603     1.0157052615004603
Si     1    5794.678983613339     1.0232791500536331
Fe     1    5808.334937855258     1.0189601048382713
Fe     1    5810.828105047002     1.0197206146299154
Fe     1    5853.842217745841     1.0262096161023884
Ca     1    5859.074618420989     1.016717416753554
Fe     1    5861.214191182892     1.016244236519633
Fe     1    5863.984932920292     1.0185530904685451
Ti     1    5868.077328493994     1.0
Ca     1    5869.1883259238175    1.0
Ca     1    5869.196328066112     1.0
Fe     1    6483.660928685685     1.0
Ca     1    6495.575329443239     1.0124769734010652
Fe     1    6496.775051753972     1.0096019450143148
Fe     1    6500.734015360068     1.0074521627064006
Fe     2    6517.876921161999     1.016537044445059
Fe     1    6520.16663637006      1.0076640612120171
Fe     1    6548.046527753324     1.0172504150218764
Ni     1    6588.128999672801     1.0200715358796726
Fe     1    6594.73337474588      1.0149806651498448
Fe     1    6595.690732061377     1.0196247896998145
Fe     1    6599.381424044337     1.0209628480807298
Sc     2    6606.425117291336     1.020423396684416
Fe     1    6610.935029524423     1.0117563141188781
Fe     1    6629.374086067407     1.0213781756574896
Ni     1    6645.484617017192     1.0182784495290071
Fe     1    6679.82895072668      1.0185563773632709
Al     1    6697.87170219246      1.0169514473635524
Al     1    6700.522414966865     1.0018942204783254
Fe     1    6705.416731065437     1.0170497210587688
Cr     1    6723.703748749681     1.017114636047336
Fe     1    6727.2123923259205    1.0
Fe     1    6735.0089891072275    1.0
Si     1    7682.383915272238     1.0030856941460398
Mg     1    7693.666959557328     1.0039647911764957
K      1    7701.083260605108     1.004399262281718
Fe     1    7712.487037622347     1.005114936651323
Fe     2    7713.842803447365     1.0053349099223234
Ni     1    7717.714448136995     1.005743216962993
Fe     1    7750.401268486927     0.9960212672184605
Ni     1    7751.022436112898     0.9928277236605587
Fe     1    7753.243035357763     1.008438103017111
O      1    7774.082659254023     1.0101410787093263
O      1    7776.305259075406     1.0109984695514054
O      1    7777.52758895167      1.0106765518281924
Ni     1    7791.07324465637      1.010119383285549
Ni     1    7799.72557981853      1.0093156935007743
Rb     1    7802.205249061444     1.0112789829245608
Al     1    7837.464765789455     1.008954314024999
Al     1    7838.289988531767     1.0102147562335784
Si     1    7852.143727973151     1.014233760416145
UL     3    4723.47               1.0199398557667725
UL     3    4745.74               1.0183145055033354
UL     3    4749.47               1.0222346097572221
UL     3    4765.26               1.00757669416872
UL     3    4774.16               1.0141655353199501
UL     3    4791.0                0.9907272912387156
UL     3    4808.33               1.022556284976975
UL     3    4814.84               0.995380212361513
UL     3    4819.16               1.014164083506714
UL     3    4825.5                1.011536393705698
UL     3    4830.74               0.9853251139184407
UL     3    4834.09               1.0122765183758904
UL     3    4840.91               1.010409631137164
UL     3    4849.61               1.0187903478123856
UL     3    4852.85               1.0240402089084237
UL     3    5655.46               1.0
UL     3    5677.0                1.012753026995727
UL     3    5693.09               1.015566867005511
UL     3    5695.25               1.0142591186367085
UL     3    5707.59               1.0133003838234076
UL     3    5708.68               1.0129651306250136
UL     3    5716.69               1.0147452236405212
UL     3    5719.45               1.0145658289347428
UL     3    5753.66               1.0196723033834527
UL     3    5792.62               1.0211183138481625
UL     3    6501.47               1.0110941360857946
UL     3    6571.05               1.012829951745653
UL     3    6576.88               1.022548888176338
UL     3    6706.96               1.0153010768659372
UL     3    6728.57               1.0
UL     3    7716.42               1.0056660533438142
UL     3    7725.34               1.0025574648577977
UL     3    7729.78               1.0061746421825035
UL     3    7744.87               1.0084593037773273
UL     3    7782.75               1.0109162096830402
UL     3    7810.04               1.0107869224803248
UL     3    7834.36               1.011959913683109
