#elem  ion  wave                  correction(aperture/stacked)
La     2    4717.759567724955     1.0
Mg     1    4731.351766619823     1.0005311039336435
Fe     1    4734.916110486742     1.014829919330032
Mn     1    4740.415566878147     1.0213523196747187
Fe     1    4742.8552129917925    1.0171289637693721
Fe     1    4747.1273444713015    1.0202506140586867
Ti     1    4759.448408090701     1.046905677916754
Ti     1    4760.600613316287     1.0431733521654694
Mn     1    4762.837505895204     1.0271479736198132
Ti     2    4765.857005824366     1.0154647537311658
Fe     1    4780.775258460967     1.0192959792743852
V      1    4785.804091043368     1.0
Fe     1    4789.165481822721     1.0328424833620597
Fe     1    4790.095328242028     1.0181842421907377
Cr     1    4790.673881566418     0.9738166268566942
Ti     2    4799.872619512944     1.008538392899764
Cr     1    4802.366680566258     0.9750045866347289
Fe     1    4804.222172380227     1.0106611968125239
Fe     1    4809.491669170637     0.9844396902367636
Zn     1    4811.881502677758     1.0259519606098781
Ti     1    4821.756520598129     1.0194187203732514
Ni     1    4832.529977081299     1.0202148833738265
Sm     2    4838.011430590429     1.0
Ti     1    4842.232549968105     1.0170204261275704
Fe     1    4845.367381317484     1.0098986091509097
Cr     2    4849.590501330725     1.0194555642775411
Ti     2    4850.522548526964     0.9960110130447726
Y      2    4856.217358959939     1.0066222814409107
Ti     2    4866.969511046126     1.0284423113093466
Ni     1    4867.629286068777     1.0237779096564394
Ti     2    4875.370739800553     0.9970764022662533
Fe     1    4877.238835417714     0.9972309567162038
Fe     1    4883.50749861639      1.0042746864187375
Y      2    4885.046006832402     1.0157351716907443
Cr     2    4885.974153103399     1.001751409319239
Fe     1    4892.120884126167     1.0139921983375761
Fe     1    4892.858079747847     1.0167030486963458
Fe     1    5653.03740205537      1.0
Fe     1    5653.886328981642     1.0
Sc     2    5659.466220575779     1.001522837604946
Fe     1    5664.0875559795395    0.9937724331149859
Si     1    5667.126768463639     1.018030487115929
Sc     2    5668.721694848641     0.9715621386499899
Fe     1    5669.090793523595     0.9988028874657813
Sc     2    5670.628204538431     1.0159968702935631
Fe     1    5680.598770204794     1.0132332316218124
Na     1    5684.210135764635     1.003109229893326
Na     1    5689.783325901822     1.0144705118205164
Si     1    5692.003919652215     1.0154673096544424
Fe     1    5703.126093684245     1.0026429048227743
Mg     1    5712.67244653875      1.0181662588640064
Fe     1    5733.351777140469     1.0099067583337837
Mo     1    5753.003233598317     1.0
Fe     1    5754.725694364557     1.007123872027655
Ni     1    5756.266106436666     1.0152927053485628
Si     1    5773.7487834999965    1.020883964239215
Fe     1    5776.682068284723     1.0195955650546562
Cr     1    5785.46991952334      1.0217594531581815
Cr     1    5789.524004264603     1.015846795552063
Si     1    5794.678983613339     1.0235663521350482
Fe     1    5808.334937855258     1.0191602048938313
Fe     1    5810.828105047002     1.0199464022927065
Fe     1    5853.842217745841     1.027002521061593
Ca     1    5859.074618420989     1.0173768022393714
Fe     1    5861.214191182892     1.0168146813671985
Fe     1    5863.984932920292     1.019339580306237
Ti     1    5868.077328493994     1.0
Ca     1    5869.1883259238175    1.0
Ca     1    5869.196328066112     1.0
Fe     1    6483.660928685685     1.0
Ca     1    6495.575329443239     1.011919159553315
Fe     1    6496.775051753972     1.0092310235851116
Fe     1    6500.734015360068     1.0072698658860637
Fe     2    6517.876921161999     1.0172224448990497
Fe     1    6520.16663637006      1.0079560768352278
Fe     1    6548.046527753324     1.01864529435064
Ni     1    6588.128999672801     1.02163564710933
Fe     1    6594.73337474588      1.0158477283278262
Fe     1    6595.690732061377     1.0210101913629566
Fe     1    6599.381424044337     1.0222854582359924
Sc     2    6606.425117291336     1.0215109341104476
Fe     1    6610.935029524423     1.012182072700144
Fe     1    6629.374086067407     1.0221990729606671
Ni     1    6645.484617017192     1.0188506282515204
Fe     1    6679.82895072668      1.0191812470909711
Al     1    6697.87170219246      1.017816679374258
Al     1    6700.522414966865     1.00174250934238
Fe     1    6705.416731065437     1.0178677498899
Cr     1    6723.703748749681     1.0183576751066146
Fe     1    6727.2123923259205    1.0
Fe     1    6735.0089891072275    1.0
Si     1    7682.383915272238     1.0045763242784713
Mg     1    7693.666959557328     1.0054602593317779
K      1    7701.083260605108     1.0057930905672425
Fe     1    7712.487037622347     1.0063819422451066
Fe     2    7713.842803447365     1.006620016881481
Ni     1    7717.714448136995     1.0070312796473557
Fe     1    7750.401268486927     0.9953422932727536
Ni     1    7751.022436112898     0.9917185898089905
Fe     1    7753.243035357763     1.009388503380978
O      1    7774.082659254023     1.0110971106522888
O      1    7776.305259075406     1.012012991572766
O      1    7777.52758895167      1.0116695290445548
Ni     1    7791.07324465637      1.010740307937688
Ni     1    7799.72557981853      1.0098261381426197
Rb     1    7802.205249061444     1.0119483178528887
Al     1    7837.464765789455     1.0093914684261422
Al     1    7838.289988531767     1.0106097070903384
Si     1    7852.143727973151     1.014655929082983
UL     3    4723.47               1.0223621469225437
UL     3    4745.74               1.0195020291272
UL     3    4749.47               1.023587044252793
UL     3    4765.26               1.007811237998625
UL     3    4774.16               1.0144800986648768
UL     3    4791.0                0.9901887040663686
UL     3    4808.33               1.0230503872860197
UL     3    4814.84               0.9950695880283635
UL     3    4819.16               1.014554146867424
UL     3    4825.5                1.0118363913404027
UL     3    4830.74               0.9845524660588337
UL     3    4834.09               1.0126289192338063
UL     3    4840.91               1.0106466078032048
UL     3    4849.61               1.019455455889708
UL     3    4852.85               1.0250932005347457
UL     3    5655.46               1.0
UL     3    5677.0                1.0139284178996746
UL     3    5693.09               1.0167504771857276
UL     3    5695.25               1.0151953052993463
UL     3    5707.59               1.0141606177699152
UL     3    5708.68               1.0136693787014315
UL     3    5716.69               1.0154298338318977
UL     3    5719.45               1.0152085612675223
UL     3    5753.66               1.0200001266165029
UL     3    5792.62               1.0213643328785174
UL     3    6501.47               1.0108860499309222
UL     3    6571.05               1.0137670908466483
UL     3    6576.88               1.024410835168128
UL     3    6706.96               1.0160714516870544
UL     3    6728.57               1.0
UL     3    7716.42               1.0070094354390908
UL     3    7725.34               1.002981230972155
UL     3    7729.78               1.007248837700695
UL     3    7744.87               1.0096307799716782
UL     3    7782.75               1.0117266798921938
UL     3    7810.04               1.0112804342774369
UL     3    7834.36               1.0123852853331103
