#elem  ion  wave                  correction(aperture/stacked)
La     2    4717.759567724955     1.0
Mg     1    4731.351766619823     1.0005618942904795
Fe     1    4734.916110486742     1.0147708526601673
Mn     1    4740.415566878147     1.0214177861485123
Fe     1    4742.8552129917925    1.0172265342322424
Fe     1    4747.1273444713015    1.0204308907042061
Ti     1    4759.448408090701     1.0474996097723275
Ti     1    4760.600613316287     1.0436989731978354
Mn     1    4762.837505895204     1.0274819777693258
Ti     2    4765.857005824366     1.0157738586754785
Fe     1    4780.775258460967     1.0194673326782895
V      1    4785.804091043368     1.0
Fe     1    4789.165481822721     1.0330250474476241
Fe     1    4790.095328242028     1.0182768334005046
Cr     1    4790.673881566418     0.9736297535531452
Ti     2    4799.872619512944     1.0085111751717784
Cr     1    4802.366680566258     0.9752302790687609
Fe     1    4804.222172380227     1.0104886524351429
Fe     1    4809.491669170637     0.9847528856296653
Zn     1    4811.881502677758     1.0255173381923677
Ti     1    4821.756520598129     1.0187980141555422
Ni     1    4832.529977081299     1.0191866763782693
Sm     2    4838.011430590429     1.0
Ti     1    4842.232549968105     1.0161474195471658
Fe     1    4845.367381317484     1.0095294646001054
Cr     2    4849.590501330725     1.018270766601276
Ti     2    4850.522548526964     0.996692844353346
Y      2    4856.217358959939     1.0062618524834093
Ti     2    4866.969511046126     1.02700560537553
Ni     1    4867.629286068777     1.022603247785967
Ti     2    4875.370739800553     0.9975035458344726
Fe     1    4877.238835417714     0.9974816781271433
Fe     1    4883.50749861639      1.0041124148052656
Y      2    4885.046006832402     1.014943673573231
Cr     2    4885.974153103399     1.0012080534322698
Fe     1    4892.120884126167     1.0136222444607463
Fe     1    4892.858079747847     1.0162487153513564
Fe     1    5653.03740205537      1.0
Fe     1    5653.886328981642     1.0
Sc     2    5659.466220575779     1.001525889664583
Fe     1    5664.0875559795395    0.9938020182315861
Si     1    5667.126768463639     1.0180337548542397
Sc     2    5668.721694848641     0.9714974602703357
Fe     1    5669.090793523595     0.9987910881268702
Sc     2    5670.628204538431     1.0160536152053448
Fe     1    5680.598770204794     1.0134376856221998
Na     1    5684.210135764635     1.0031341130376261
Na     1    5689.783325901822     1.0147877825273277
Si     1    5692.003919652215     1.0157992508737854
Fe     1    5703.126093684245     1.0026125734802742
Mg     1    5712.67244653875      1.0187504548028823
Fe     1    5733.351777140469     1.0101448570142781
Mo     1    5753.003233598317     1.0
Fe     1    5754.725694364557     1.007214164007949
Ni     1    5756.266106436666     1.0155926180464003
Si     1    5773.7487834999965    1.021191212040608
Fe     1    5776.682068284723     1.0198265532709014
Cr     1    5785.46991952334      1.0220114799047944
Cr     1    5789.524004264603     1.0159997882583884
Si     1    5794.678983613339     1.0238072323702159
Fe     1    5808.334937855258     1.0192823558306185
Fe     1    5810.828105047002     1.0200747713562759
Fe     1    5853.842217745841     1.0271594620960214
Ca     1    5859.074618420989     1.0175187091074842
Fe     1    5861.214191182892     1.0169193167696238
Fe     1    5863.984932920292     1.019483408062474
Ti     1    5868.077328493994     1.0
Ca     1    5869.1883259238175    1.0
Ca     1    5869.196328066112     1.0
Fe     1    6483.660928685685     1.0
Ca     1    6495.575329443239     1.013779444441892
Fe     1    6496.775051753972     1.0106161633075885
Fe     1    6500.734015360068     1.0084270421141774
Fe     2    6517.876921161999     1.0189448915888435
Fe     1    6520.16663637006      1.008510256934788
Fe     1    6548.046527753324     1.0195070757130396
Ni     1    6588.128999672801     1.022133034306358
Fe     1    6594.73337474588      1.0161288850923853
Fe     1    6595.690732061377     1.0214334643262997
Fe     1    6599.381424044337     1.0226794600573228
Sc     2    6606.425117291336     1.0218328676427477
Fe     1    6610.935029524423     1.0123090958315106
Fe     1    6629.374086067407     1.0224735862135466
Ni     1    6645.484617017192     1.0190954466717947
Fe     1    6679.82895072668      1.0195801522177506
Al     1    6697.87170219246      1.0182693076811509
Al     1    6700.522414966865     1.0016457531183633
Fe     1    6705.416731065437     1.0182383689039918
Cr     1    6723.703748749681     1.0187881284231413
Fe     1    6727.2123923259205    1.0
Fe     1    6735.0089891072275    1.0
Si     1    7682.383915272238     1.0049158828258782
Mg     1    7693.666959557328     1.0058576722711037
K      1    7701.083260605108     1.0061731358431751
Fe     1    7712.487037622347     1.0067905041853515
Fe     2    7713.842803447365     1.0070398078200626
Ni     1    7717.714448136995     1.0074690757894194
Fe     1    7750.401268486927     0.9950043253636415
Ni     1    7751.022436112898     0.9911667773218449
Fe     1    7753.243035357763     1.009843102124311
O      1    7774.082659254023     1.0116744220698328
O      1    7776.305259075406     1.0126400394574278
O      1    7777.52758895167      1.012289958289976
Ni     1    7791.07324465637      1.0111716901270071
Ni     1    7799.72557981853      1.0102093291605163
Rb     1    7802.205249061444     1.012486797800065
Al     1    7837.464765789455     1.0098577211530841
Al     1    7838.289988531767     1.0110334682049948
Si     1    7852.143727973151     1.0151219653952723
UL     3    4723.47               1.021768446420322
UL     3    4745.74               1.0196599100236838
UL     3    4749.47               1.0238520573035212
UL     3    4765.26               1.0079068101881365
UL     3    4774.16               1.014608132331991
UL     3    4791.0                0.9900990451105699
UL     3    4808.33               1.0227851498979939
UL     3    4814.84               0.9953336630126235
UL     3    4819.16               1.0141457647139502
UL     3    4825.5                1.01144528709128
UL     3    4830.74               0.9856774012822196
UL     3    4834.09               1.0120795673278835
UL     3    4840.91               1.0102137436003962
UL     3    4849.61               1.0182706632942935
UL     3    4852.85               1.0231968435318701
UL     3    5655.46               1.0
UL     3    5677.0                1.0140930053783088
UL     3    5693.09               1.0171400070412695
UL     3    5695.25               1.0155168933088918
UL     3    5707.59               1.0146283407174825
UL     3    5708.68               1.0140664588229158
UL     3    5716.69               1.0158686518730176
UL     3    5719.45               1.0156463927340615
UL     3    5753.66               1.0203920101441983
UL     3    5792.62               1.0215793546421976
UL     3    6501.47               1.0124343252699315
UL     3    6571.05               1.0141254395621253
UL     3    6576.88               1.0250413024699039
UL     3    6706.96               1.0164130859396585
UL     3    6728.57               1.0
UL     3    7716.42               1.0074607518621126
UL     3    7725.34               1.003124504980717
UL     3    7729.78               1.007665385567254
UL     3    7744.87               1.0101549200664812
UL     3    7782.75               1.0122705111176993
UL     3    7810.04               1.0117107058140435
UL     3    7834.36               1.0128333610587406
