#elem  ion  wave                  correction(aperture/stacked)
La     2    4717.759567724955     1.0
Mg     1    4731.351766619823     1.0008024822064026
Fe     1    4734.916110486742     1.0135318923976948
Mn     1    4740.415566878147     1.019704656741993
Fe     1    4742.8552129917925    1.0159367726646111
Fe     1    4747.1273444713015    1.0190773812181204
Ti     1    4759.448408090701     1.0452349063795048
Ti     1    4760.600613316287     1.0417550860359799
Mn     1    4762.837505895204     1.0263316117219392
Ti     2    4765.857005824366     1.0148611661766747
Fe     1    4780.775258460967     1.0190294159606494
V      1    4785.804091043368     1.0
Fe     1    4789.165481822721     1.0324451533312327
Fe     1    4790.095328242028     1.0179615246764826
Cr     1    4790.673881566418     0.9742980890660451
Ti     2    4799.872619512944     1.0084741070930667
Cr     1    4802.366680566258     0.9753106196501417
Fe     1    4804.222172380227     1.0104841451492903
Fe     1    4809.491669170637     0.9846285620017262
Zn     1    4811.881502677758     1.0257267739531244
Ti     1    4821.756520598129     1.0191760404473185
Ni     1    4832.529977081299     1.0197996174578656
Sm     2    4838.011430590429     1.0
Ti     1    4842.232549968105     1.0166374112859171
Fe     1    4845.367381317484     1.009739190002606
Cr     2    4849.590501330725     1.0188555073120926
Ti     2    4850.522548526964     0.996392653827083
Y      2    4856.217358959939     1.006416066259007
Ti     2    4866.969511046126     1.0273583189209725
Ni     1    4867.629286068777     1.022878519389687
Ti     2    4875.370739800553     0.997479303814368
Fe     1    4877.238835417714     0.997480041684958
Fe     1    4883.50749861639      1.0040804105928396
Y      2    4885.046006832402     1.0147290962954587
Cr     2    4885.974153103399     1.0010313617176836
Fe     1    4892.120884126167     1.0133643629076787
Fe     1    4892.858079747847     1.0159049080908635
Fe     1    5653.03740205537      1.0
Fe     1    5653.886328981642     1.0
Sc     2    5659.466220575779     1.0015417283568255
Fe     1    5664.0875559795395    0.9944035635779338
Si     1    5667.126768463639     1.0170124107313006
Sc     2    5668.721694848641     0.9736185229542282
Fe     1    5669.090793523595     0.9990782897907491
Sc     2    5670.628204538431     1.0151005296219897
Fe     1    5680.598770204794     1.0125789269271772
Na     1    5684.210135764635     1.0030667990832058
Na     1    5689.783325901822     1.0139655627821018
Si     1    5692.003919652215     1.0149658560780437
Fe     1    5703.126093684245     1.0026593678127231
Mg     1    5712.67244653875      1.017969424954079
Fe     1    5733.351777140469     1.0099159811713507
Mo     1    5753.003233598317     1.0
Fe     1    5754.725694364557     1.0071400409732936
Ni     1    5756.266106436666     1.0153440116590964
Si     1    5773.7487834999965    1.0209209915323496
Fe     1    5776.682068284723     1.0196172168650266
Cr     1    5785.46991952334      1.0217542573474014
Cr     1    5789.524004264603     1.015833557102587
Si     1    5794.678983613339     1.0235157570037625
Fe     1    5808.334937855258     1.0190812707565053
Fe     1    5810.828105047002     1.0198504701044664
Fe     1    5853.842217745841     1.0265281959586132
Ca     1    5859.074618420989     1.0169939449913188
Fe     1    5861.214191182892     1.0164978469144086
Fe     1    5863.984932920292     1.0188850839814179
Ti     1    5868.077328493994     1.0
Ca     1    5869.1883259238175    1.0
Ca     1    5869.196328066112     1.0
Fe     1    6483.660928685685     1.0
Ca     1    6495.575329443239     1.012430916100623
Fe     1    6496.775051753972     1.0095813474870257
Fe     1    6500.734015360068     1.0074732403061344
Fe     2    6517.876921161999     1.0168440255519233
Fe     1    6520.16663637006      1.007782474904947
Fe     1    6548.046527753324     1.0176865609099013
Ni     1    6588.128999672801     1.0204422628143377
Fe     1    6594.73337474588      1.0151785274184968
Fe     1    6595.690732061377     1.0199333895331015
Fe     1    6599.381424044337     1.021252013668962
Sc     2    6606.425117291336     1.020667979938333
Fe     1    6610.935029524423     1.0118574321353704
Fe     1    6629.374086067407     1.0215250787990302
Ni     1    6645.484617017192     1.018385689719638
Fe     1    6679.82895072668      1.0188041828179557
Al     1    6697.87170219246      1.0173920926754862
Al     1    6700.522414966865     1.001827299485975
Fe     1    6705.416731065437     1.0174936771638177
Cr     1    6723.703748749681     1.0177915860547173
Fe     1    6727.2123923259205    1.0
Fe     1    6735.0089891072275    1.0
Si     1    7682.383915272238     1.0039877779817563
Mg     1    7693.666959557328     1.0049193254604212
K      1    7701.083260605108     1.0053157134370718
Fe     1    7712.487037622347     1.0060096131993401
Fe     2    7713.842803447365     1.0062491025291198
Ni     1    7717.714448136995     1.0066793879850349
Fe     1    7750.401268486927     0.9954266895492289
Ni     1    7751.022436112898     0.9918511543831624
Fe     1    7753.243035357763     1.0092736972205563
O      1    7774.082659254023     1.0110953777230876
O      1    7776.305259075406     1.0120212768829666
O      1    7777.52758895167      1.0116829448607227
Ni     1    7791.07324465637      1.0107819703760734
Ni     1    7799.72557981853      1.0098741723735454
Rb     1    7802.205249061444     1.0120171570122674
Al     1    7837.464765789455     1.009438179033482
Al     1    7838.289988531767     1.0106507772449371
Si     1    7852.143727973151     1.014670048700001
UL     3    4723.47               1.0195086657995895
UL     3    4745.74               1.0182821226910093
UL     3    4749.47               1.0222481508386085
UL     3    4765.26               1.007623612084913
UL     3    4774.16               1.01427004044887
UL     3    4791.0                0.9904294065668525
UL     3    4808.33               1.0228752435707753
UL     3    4814.84               0.9951910791313895
UL     3    4819.16               1.01438880164157
UL     3    4825.5                1.0116864148005456
UL     3    4830.74               0.985004399819953
UL     3    4834.09               1.0124051025490686
UL     3    4840.91               1.0104692506326003
UL     3    4849.61               1.0188554014724287
UL     3    4852.85               1.02408636100588
UL     3    5655.46               1.0
UL     3    5677.0                1.0131675253738193
UL     3    5693.09               1.0162079810972133
UL     3    5695.25               1.0147869060163437
UL     3    5707.59               1.0139293199482289
UL     3    5708.68               1.0134882845051854
UL     3    5716.69               1.0153233861407953
UL     3    5719.45               1.015129092605433
UL     3    5753.66               1.020068799970153
UL     3    5792.62               1.0213298476370163
UL     3    6501.47               1.0111331117625153
UL     3    6571.05               1.0130781651110652
UL     3    6576.88               1.0230373027853938
UL     3    6706.96               1.015701691905154
UL     3    6728.57               1.0
UL     3    7716.42               1.0066347784240046
UL     3    7725.34               1.0028839093365176
UL     3    7729.78               1.0070151550243942
UL     3    7744.87               1.0094601492493886
UL     3    7782.75               1.0117559940757486
UL     3    7810.04               1.0113398892342622
UL     3    7834.36               1.0124343735184647
