#elem  ion  wave                  correction(aperture/stacked)
La     2    4717.759567724955     1.0
Mg     1    4731.351766619823     1.0004675141731458
Fe     1    4734.916110486742     1.0151526414598206
Mn     1    4740.415566878147     1.0218049632089359
Fe     1    4742.8552129917925    1.0174798524142163
Fe     1    4747.1273444713015    1.020626753789799
Ti     1    4759.448408090701     1.0475710511010936
Ti     1    4760.600613316287     1.0437458699107662
Mn     1    4762.837505895204     1.0274968961837008
Ti     2    4765.857005824366     1.0157751799772368
Fe     1    4780.775258460967     1.0194938614037001
V      1    4785.804091043368     1.0
Fe     1    4789.165481822721     1.0332077098092034
Fe     1    4790.095328242028     1.0183922181274276
Cr     1    4790.673881566418     0.9733551720553877
Ti     2    4799.872619512944     1.0086059768479343
Cr     1    4802.366680566258     0.974681205771136
Fe     1    4804.222172380227     1.0108434969478863
Fe     1    4809.491669170637     0.9842849573013418
Zn     1    4811.881502677758     1.026145923691735
Ti     1    4821.756520598129     1.0195512679176948
Ni     1    4832.529977081299     1.0203432674118085
Sm     2    4838.011430590429     1.0
Ti     1    4842.232549968105     1.017094080826136
Fe     1    4845.367381317484     1.0099248683306103
Cr     2    4849.590501330725     1.0195445489405217
Ti     2    4850.522548526964     0.9959538258023483
Y      2    4856.217358959939     1.0066481097476057
Ti     2    4866.969511046126     1.0285646444180991
Ni     1    4867.629286068777     1.023879192688939
Ti     2    4875.370739800553     0.9970298810550792
Fe     1    4877.238835417714     0.9972020739624026
Fe     1    4883.50749861639      1.004296223814613
Y      2    4885.046006832402     1.0158548130737932
Cr     2    4885.974153103399     1.0018412189935133
Fe     1    4892.120884126167     1.0140742688900555
Fe     1    4892.858079747847     1.0168086194735435
Fe     1    5653.03740205537      1.0
Fe     1    5653.886328981642     1.0
Sc     2    5659.466220575779     1.0015175135227556
Fe     1    5664.0875559795395    0.9936368361647763
Si     1    5667.126768463639     1.0182508843228513
Sc     2    5668.721694848641     0.9710648130664743
Fe     1    5669.090793523595     0.9987275553043776
Sc     2    5670.628204538431     1.0162148687857515
Fe     1    5680.598770204794     1.0134768847915407
Na     1    5684.210135764635     1.0031341897165436
Na     1    5689.783325901822     1.0147328669160356
Si     1    5692.003919652215     1.0157218232919352
Fe     1    5703.126093684245     1.0026255945786413
Mg     1    5712.67244653875      1.01847885343333
Fe     1    5733.351777140469     1.0100011999278122
Mo     1    5753.003233598317     1.0
Fe     1    5754.725694364557     1.0071550980418211
Ni     1    5756.266106436666     1.0153893059289627
Si     1    5773.7487834999965    1.0209678215907638
Fe     1    5776.682068284723     1.0196559604743007
Cr     1    5785.46991952334      1.0218120783198543
Cr     1    5789.524004264603     1.0158897652401855
Si     1    5794.678983613339     1.0236087411313373
Fe     1    5808.334937855258     1.0191721669250806
Fe     1    5810.828105047002     1.0199569972078446
Fe     1    5853.842217745841     1.0269978128740114
Ca     1    5859.074618420989     1.0173771278143682
Fe     1    5861.214191182892     1.0168166899879378
Fe     1    5863.984932920292     1.0193460173902729
Ti     1    5868.077328493994     1.0
Ca     1    5869.1883259238175    1.0
Ca     1    5869.196328066112     1.0
Fe     1    6483.660928685685     1.0
Ca     1    6495.575329443239     1.0125582930630452
Fe     1    6496.775051753972     1.0097215181551515
Fe     1    6500.734015360068     1.007718086043604
Fe     2    6517.876921161999     1.0181660125513208
Fe     1    6520.16663637006      1.008268162959958
Fe     1    6548.046527753324     1.01936653732118
Ni     1    6588.128999672801     1.0221887413155777
Fe     1    6594.73337474588      1.016156608055198
Fe     1    6595.690732061377     1.0214754720931005
Fe     1    6599.381424044337     1.0227167639529928
Sc     2    6606.425117291336     1.0218522463114943
Fe     1    6610.935029524423     1.0123124993601362
Fe     1    6629.374086067407     1.0224286152398316
Ni     1    6645.484617017192     1.0190176865125238
Fe     1    6679.82895072668      1.0194756450944704
Al     1    6697.87170219246      1.0182428906914542
Al     1    6700.522414966865     1.001647834316737
Fe     1    6705.416731065437     1.0182582296194471
Cr     1    6723.703748749681     1.0189426365554286
Fe     1    6727.2123923259205    1.0
Fe     1    6735.0089891072275    1.0
Si     1    7682.383915272238     1.004508447870462
Mg     1    7693.666959557328     1.0053394238666449
K      1    7701.083260605108     1.0056484312010912
Fe     1    7712.487037622347     1.006247790594006
Fe     2    7713.842803447365     1.006483612379291
Ni     1    7717.714448136995     1.006894622275663
Fe     1    7750.401268486927     0.9953689829682241
Ni     1    7751.022436112898     0.9917589604986842
Fe     1    7753.243035357763     1.0093464374522605
O      1    7774.082659254023     1.0111668438613344
O      1    7776.305259075406     1.012099193468541
O      1    7777.52758895167      1.0117603814636336
Ni     1    7791.07324465637      1.010843130879903
Ni     1    7799.72557981853      1.0099354587178377
Rb     1    7802.205249061444     1.012104454122343
Al     1    7837.464765789455     1.009571451524874
Al     1    7838.289988531767     1.0107751091499109
Si     1    7852.143727973151     1.0148235326368213
UL     3    4723.47               1.0229604711882703
UL     3    4745.74               1.0198820494315892
UL     3    4749.47               1.024043780492183
UL     3    4765.26               1.0079077846459836
UL     3    4774.16               1.0146089194801349
UL     3    4791.0                0.9899555656053557
UL     3    4808.33               1.0232587847896386
UL     3    4814.84               0.9949746249470961
UL     3    4819.16               1.0146575427311828
UL     3    4825.5                1.0119032812333577
UL     3    4830.74               0.9843972339077416
UL     3    4834.09               1.0126921096931318
UL     3    4840.91               1.0106822231869121
UL     3    4849.61               1.019544440183667
UL     3    4852.85               1.0252302865664835
UL     3    5655.46               1.0
UL     3    5677.0                1.0141770241378483
UL     3    5693.09               1.0170403258334495
UL     3    5695.25               1.0154228037298643
UL     3    5707.59               1.0144155136616484
UL     3    5708.68               1.0138805690110797
UL     3    5716.69               1.015648227484348
UL     3    5719.45               1.0154196559538418
UL     3    5753.66               1.0201358029630032
UL     3    5792.62               1.0214045641454421
UL     3    6501.47               1.0114962990063912
UL     3    6571.05               1.0141360553931453
UL     3    6576.88               1.0250835223443981
UL     3    6706.96               1.01643997785966
UL     3    6728.57               1.0
UL     3    7716.42               1.0068663388314145
UL     3    7725.34               1.0029406651024053
UL     3    7729.78               1.0071486492963588
UL     3    7744.87               1.0095645570739007
UL     3    7782.75               1.0118246386498446
UL     3    7810.04               1.0114316483554542
UL     3    7834.36               1.0125499137747038
