#elem  ion  wave                  correction(aperture/stacked)
La     2    4717.759567724955     1.0
Mg     1    4731.351766619823     1.000892924588322
Fe     1    4734.916110486742     1.0129445027059143
Mn     1    4740.415566878147     1.0188342123163836
Fe     1    4742.8552129917925    1.015221580213622
Fe     1    4747.1273444713015    1.018293832443896
Ti     1    4759.448408090701     1.0434401221549336
Ti     1    4760.600613316287     1.0401528415008545
Mn     1    4762.837505895204     1.0253072226155313
Ti     2    4765.857005824366     1.014168409041986
Fe     1    4780.775258460967     1.018056118871906
V      1    4785.804091043368     1.0
Fe     1    4789.165481822721     1.0301857862449266
Fe     1    4790.095328242028     1.0166152986468806
Cr     1    4790.673881566418     0.9770824593982842
Ti     2    4799.872619512944     1.0078444275800682
Cr     1    4802.366680566258     0.9782910746584886
Fe     1    4804.222172380227     1.008515588186695
Fe     1    4809.491669170637     0.9867549621801928
Zn     1    4811.881502677758     1.023075144175375
Ti     1    4821.756520598129     1.0163702297858108
Ni     1    4832.529977081299     1.0163360565420094
Sm     2    4838.011430590429     1.0
Ti     1    4842.232549968105     1.0138768511265273
Fe     1    4845.367381317484     1.0084437200646537
Cr     2    4849.590501330725     1.0152382162135245
Ti     2    4850.522548526964     0.9981145631021396
Y      2    4856.217358959939     1.0052565156879287
Ti     2    4866.969511046126     1.0223648356899562
Ni     1    4867.629286068777     1.0187666037427965
Ti     2    4875.370739800553     0.9987381657279262
Fe     1    4877.238835417714     0.9983243618564479
Fe     1    4883.50749861639      1.0035066877174033
Y      2    4885.046006832402     1.011397054872211
Cr     2    4885.974153103399     0.9987147020273687
Fe     1    4892.120884126167     1.0114176212499006
Fe     1    4892.858079747847     1.0135178535787581
Fe     1    5653.03740205537      1.0
Fe     1    5653.886328981642     1.0
Sc     2    5659.466220575779     1.0015216319292937
Fe     1    5664.0875559795395    0.9954466369930107
Si     1    5667.126768463639     1.014988567193232
Sc     2    5668.721694848641     0.977651696801542
Fe     1    5669.090793523595     0.999553668738682
Sc     2    5670.628204538431     1.0131413407293768
Fe     1    5680.598770204794     1.0108332368730095
Na     1    5684.210135764635     1.0028459042747138
Na     1    5689.783325901822     1.0118858010689178
Si     1    5692.003919652215     1.0127945872943684
Fe     1    5703.126093684245     1.0026418379325548
Mg     1    5712.67244653875      1.0155115134015873
Fe     1    5733.351777140469     1.00904809122837
Mo     1    5753.003233598317     1.0
Fe     1    5754.725694364557     1.0067910573958139
Ni     1    5756.266106436666     1.0143003220077471
Si     1    5773.7487834999965    1.0196968467624368
Fe     1    5776.682068284723     1.0186648623902324
Cr     1    5785.46991952334      1.0207113701892259
Cr     1    5789.524004264603     1.0151738903543839
Si     1    5794.678983613339     1.022328245937468
Fe     1    5808.334937855258     1.0183430090326042
Fe     1    5810.828105047002     1.0190525550770457
Fe     1    5853.842217745841     1.0249597635734968
Ca     1    5859.074618420989     1.0157438851327005
Fe     1    5861.214191182892     1.0154157944548026
Fe     1    5863.984932920292     1.0174703422088105
Ti     1    5868.077328493994     1.0
Ca     1    5869.1883259238175    1.0
Ca     1    5869.196328066112     1.0
Fe     1    6483.660928685685     1.0
Ca     1    6495.575329443239     1.0120725312736847
Fe     1    6496.775051753972     1.0093202110346495
Fe     1    6500.734015360068     1.0072713136731437
Fe     2    6517.876921161999     1.0166297483678068
Fe     1    6520.16663637006      1.0077122203608513
Fe     1    6548.046527753324     1.017567008054191
Ni     1    6588.128999672801     1.0200445734556638
Fe     1    6594.73337474588      1.0149008492978238
Fe     1    6595.690732061377     1.0194985634613851
Fe     1    6599.381424044337     1.020761427499627
Sc     2    6606.425117291336     1.0201371454660821
Fe     1    6610.935029524423     1.0116046153850151
Fe     1    6629.374086067407     1.020714809749071
Ni     1    6645.484617017192     1.0174645909898152
Fe     1    6679.82895072668      1.0171706777973097
Al     1    6697.87170219246      1.015512284755937
Al     1    6700.522414966865     1.0020766952440372
Fe     1    6705.416731065437     1.0158623345492215
Cr     1    6723.703748749681     1.0160177037879006
Fe     1    6727.2123923259205    1.0
Fe     1    6735.0089891072275    1.0
Si     1    7682.383915272238     1.0021125598430562
Mg     1    7693.666959557328     1.0028875251651566
K      1    7701.083260605108     1.0033525945119706
Fe     1    7712.487037622347     1.004065433205237
Fe     2    7713.842803447365     1.0042602828508918
Ni     1    7717.714448136995     1.004651468516571
Fe     1    7750.401268486927     0.9967258474169945
Ni     1    7751.022436112898     0.9940158405438865
Fe     1    7753.243035357763     1.0073322872789179
O      1    7774.082659254023     1.0088159822067646
O      1    7776.305259075406     1.0095383423586086
O      1    7777.52758895167      1.0092279941017588
Ni     1    7791.07324465637      1.0089564987789579
Ni     1    7799.72557981853      1.0082288651137172
Rb     1    7802.205249061444     1.0098273885896834
Al     1    7837.464765789455     1.0072697276521756
Al     1    7838.289988531767     1.0086518675229788
Si     1    7852.143727973151     1.0122497571879523
UL     3    4723.47               1.0184403804755606
UL     3    4745.74               1.0174821704378012
UL     3    4749.47               1.021282586883608
UL     3    4765.26               1.0074383827655706
UL     3    4774.16               1.0137172967174317
UL     3    4791.0                0.9918033192002541
UL     3    4808.33               1.0208366776793194
UL     3    4814.84               0.9964482925600713
UL     3    4819.16               1.0124250984076333
UL     3    4825.5                1.0100426485244651
UL     3    4830.74               0.9886145431741182
UL     3    4834.09               1.010499656271453
UL     3    4840.91               1.009033243574329
UL     3    4849.61               1.015238127418785
UL     3    4852.85               1.0183049877645596
UL     3    5655.46               1.0
UL     3    5677.0                1.011311517878665
UL     3    5693.09               1.0137785968640511
UL     3    5695.25               1.0127734215251298
UL     3    5707.59               1.011845437984208
UL     3    5708.68               1.011686621914427
UL     3    5716.69               1.0134440279244066
UL     3    5719.45               1.0133136638518216
UL     3    5753.66               1.0186557916414631
UL     3    5792.62               1.020290667135026
UL     3    6501.47               1.0108668440408037
UL     3    6571.05               1.0129424681952388
UL     3    6576.88               1.0226973221062297
UL     3    6706.96               1.0142276709957905
UL     3    6728.57               1.0
UL     3    7716.42               1.0045280977015327
UL     3    7725.34               1.0021515187886627
UL     3    7729.78               1.0051620398255405
UL     3    7744.87               1.0072220841981274
UL     3    7782.75               1.0095826286130052
UL     3    7810.04               1.0095107402171182
UL     3    7834.36               1.0103717578396183
