#elem  ion  wave                  correction(aperture/stacked)
La     2    4717.759567724955     1.0
Mg     1    4731.351766619823     1.000764752184973
Fe     1    4734.916110486742     1.0137115175395484
Mn     1    4740.415566878147     1.0198712329834139
Fe     1    4742.8552129917925    1.016033057513431
Fe     1    4747.1273444713015    1.0191208100621862
Ti     1    4759.448408090701     1.0449673784684246
Ti     1    4760.600613316287     1.041491685889379
Mn     1    4762.837505895204     1.0261358275191377
Ti     2    4765.857005824366     1.0146934419736502
Fe     1    4780.775258460967     1.0187321776714469
V      1    4785.804091043368     1.0
Fe     1    4789.165481822721     1.031703405314703
Fe     1    4790.095328242028     1.0175221252400384
Cr     1    4790.673881566418     0.9752589091170007
Ti     2    4799.872619512944     1.0082607601993803
Cr     1    4802.366680566258     0.9762933427376382
Fe     1    4804.222172380227     1.009839988087931
Fe     1    4809.491669170637     0.9852945191811391
Zn     1    4811.881502677758     1.0249318873579178
Ti     1    4821.756520598129     1.0184714009829487
Ni     1    4832.529977081299     1.01900085660256
Sm     2    4838.011430590429     1.0
Ti     1    4842.232549968105     1.0161042402612197
Fe     1    4845.367381317484     1.0095197173397963
Cr     2    4849.590501330725     1.0182633356801032
Ti     2    4850.522548526964     0.9966951714802661
Y      2    4856.217358959939     1.0062630539864381
Ti     2    4866.969511046126     1.0269555980943696
Ni     1    4867.629286068777     1.022557370325042
Ti     2    4875.370739800553     0.9975532908091567
Fe     1    4877.238835417714     0.9975188792503753
Fe     1    4883.50749861639      1.0040726482735247
Y      2    4885.046006832402     1.014710047890196
Cr     2    4885.974153103399     1.0010282883182797
Fe     1    4892.120884126167     1.0134146844368759
Fe     1    4892.858079747847     1.0159767266082327
Fe     1    5653.03740205537      1.0
Fe     1    5653.886328981642     1.0
Sc     2    5659.466220575779     1.0015354193347044
Fe     1    5664.0875559795395    0.9946344545777691
Si     1    5667.126768463639     1.0165759593660035
Sc     2    5668.721694848641     0.9745609043025113
Fe     1    5669.090793523595     0.9992042697103343
Sc     2    5670.628204538431     1.0146502910108488
Fe     1    5680.598770204794     1.0120477065891924
Na     1    5684.210135764635     1.0030178985318696
Na     1    5689.783325901822     1.0133401688704364
Si     1    5692.003919652215     1.014301105652445
Fe     1    5703.126093684245     1.0026696411702942
Mg     1    5712.67244653875      1.0170508798285929
Fe     1    5733.351777140469     1.0095639265789234
Mo     1    5753.003233598317     1.0
Fe     1    5754.725694364557     1.006999166127591
Ni     1    5756.266106436666     1.0149111107996025
Si     1    5773.7487834999965    1.0204666070267534
Fe     1    5776.682068284723     1.0192737027925491
Cr     1    5785.46991952334      1.021446831047634
Cr     1    5789.524004264603     1.0156607937514404
Si     1    5794.678983613339     1.0232330886388992
Fe     1    5808.334937855258     1.0190038526013743
Fe     1    5810.828105047002     1.0197848459669532
Fe     1    5853.842217745841     1.0269775294408283
Ca     1    5859.074618420989     1.017380165182999
Fe     1    5861.214191182892     1.016824703518916
Fe     1    5863.984932920292     1.0193660361447385
Ti     1    5868.077328493994     1.0
Ca     1    5869.1883259238175    1.0
Ca     1    5869.196328066112     1.0
Fe     1    6483.660928685685     1.0
Ca     1    6495.575329443239     1.014401039326196
Fe     1    6496.775051753972     1.0110114134395425
Fe     1    6500.734015360068     1.0085759368115097
Fe     2    6517.876921161999     1.0177038163514958
Fe     1    6520.16663637006      1.008034152705291
Fe     1    6548.046527753324     1.0170467664308518
Ni     1    6588.128999672801     1.019005265006644
Fe     1    6594.73337474588      1.014319933740474
Fe     1    6595.690732061377     1.0187077787665444
Fe     1    6599.381424044337     1.0199304574473573
Sc     2    6606.425117291336     1.0195070619007973
Fe     1    6610.935029524423     1.011364490945935
Fe     1    6629.374086067407     1.0205557995687267
Ni     1    6645.484617017192     1.017667844975056
Fe     1    6679.82895072668      1.0182074467927804
Al     1    6697.87170219246      1.0167743584188615
Al     1    6700.522414966865     1.0019193328976754
Fe     1    6705.416731065437     1.0169542388521986
Cr     1    6723.703748749681     1.017102936430275
Fe     1    6727.2123923259205    1.0
Fe     1    6735.0089891072275    1.0
Si     1    7682.383915272238     1.0022397420977647
Mg     1    7693.666959557328     1.0030895662507109
K      1    7701.083260605108     1.003605604287739
Fe     1    7712.487037622347     1.0044305999916605
Fe     2    7713.842803447365     1.0046469933106643
Ni     1    7717.714448136995     1.0050765375809159
Fe     1    7750.401268486927     0.9962141125818703
Ni     1    7751.022436112898     0.9931394554646972
Fe     1    7753.243035357763     1.0081660018867507
O      1    7774.082659254023     1.0100485267362214
O      1    7776.305259075406     1.0109168683956709
O      1    7777.52758895167      1.0106053493977567
Ni     1    7791.07324465637      1.0101276454826313
Ni     1    7799.72557981853      1.0093405477321773
Rb     1    7802.205249061444     1.0113162890108327
Al     1    7837.464765789455     1.0089164003331013
Al     1    7838.289988531767     1.0101765173876003
Si     1    7852.143727973151     1.0141008593282714
UL     3    4723.47               1.020052885479603
UL     3    4745.74               1.0183464154574464
UL     3    4749.47               1.0222576747708685
UL     3    4765.26               1.0075687595396892
UL     3    4774.16               1.0141219414310194
UL     3    4791.0                0.9909139642942253
UL     3    4808.33               1.0222483770076836
UL     3    4814.84               0.9955890331989344
UL     3    4819.16               1.0138732694997008
UL     3    4825.5                1.0112985854987095
UL     3    4830.74               0.9859178903491975
UL     3    4834.09               1.011995096502725
UL     3    4840.91               1.0101873530783145
UL     3    4849.61               1.0182632324063288
UL     3    4852.85               1.0231995808796714
UL     3    5655.46               1.0
UL     3    5677.0                1.012646355311957
UL     3    5693.09               1.0154498821725064
UL     3    5695.25               1.0141613915175287
UL     3    5707.59               1.0131680651418222
UL     3    5708.68               1.0128342857553652
UL     3    5716.69               1.014599283253671
UL     3    5719.45               1.0144156504791702
UL     3    5753.66               1.0194563053465033
UL     3    5792.62               1.021065272680498
UL     3    6501.47               1.012578152863496
UL     3    6571.05               1.0123572526618974
UL     3    6576.88               1.0215151516219299
UL     3    6706.96               1.0152226035726248
UL     3    6728.57               1.0
UL     3    7716.42               1.004964111244462
UL     3    7725.34               1.0023392214947577
UL     3    7729.78               1.005692812939378
UL     3    7744.87               1.0080672874115097
UL     3    7782.75               1.010887698525663
UL     3    7810.04               1.0108199973676926
UL     3    7834.36               1.011937871870078
