#elem  ion  wave                  correction(aperture/stacked)
La     2    4717.759567724955     1.0
Mg     1    4731.351766619823     1.0005640225871566
Fe     1    4734.916110486742     1.0146482523037117
Mn     1    4740.415566878147     1.021018552528831
Fe     1    4742.8552129917925    1.0168446491809826
Fe     1    4747.1273444713015    1.019902537620698
Ti     1    4759.448408090701     1.0460115409141992
Ti     1    4760.600613316287     1.0424618445663876
Mn     1    4762.837505895204     1.0266994515525518
Ti     2    4765.857005824366     1.015054706322957
Fe     1    4780.775258460967     1.0189801603878776
V      1    4785.804091043368     1.0
Fe     1    4789.165481822721     1.0322095893408842
Fe     1    4790.095328242028     1.0178186423573714
Cr     1    4790.673881566418     0.9746182727107973
Ti     2    4799.872619512944     1.0084035396775735
Cr     1    4802.366680566258     0.9756565916180505
Fe     1    4804.222172380227     1.010239879317258
Fe     1    4809.491669170637     0.984847414299716
Zn     1    4811.881502677758     1.0254775184309832
Ti     1    4821.756520598129     1.0190016577037453
Ni     1    4832.529977081299     1.019658802368181
Sm     2    4838.011430590429     1.0
Ti     1    4842.232549968105     1.0165766831427594
Fe     1    4845.367381317484     1.0097187188411552
Cr     2    4849.590501330725     1.0187976065252007
Ti     2    4850.522548526964     0.9964267530646805
Y      2    4856.217358959939     1.0063990169356727
Ti     2    4866.969511046126     1.0272336692247526
Ni     1    4867.629286068777     1.0227719537536037
Ti     2    4875.370739800553     0.9975488277351714
Fe     1    4877.238835417714     0.9975287959527421
Fe     1    4883.50749861639      1.004034842179868
Y      2    4885.046006832402     1.0144653890458286
Cr     2    4885.974153103399     1.0008314238479052
Fe     1    4892.120884126167     1.0131286377783095
Fe     1    4892.858079747847     1.015603239305528
Fe     1    5653.03740205537      1.0
Fe     1    5653.886328981642     1.0
Sc     2    5659.466220575779     1.0015303554891264
Fe     1    5664.0875559795395    0.9939989725331893
Si     1    5667.126768463639     1.0176499436665154
Sc     2    5668.721694848641     0.972405595822031
Fe     1    5669.090793523595     0.9989125904447311
Sc     2    5670.628204538431     1.0155949605663668
Fe     1    5680.598770204794     1.0128273285489848
Na     1    5684.210135764635     1.0030802342412637
Na     1    5689.783325901822     1.0140327915840794
Si     1    5692.003919652215     1.0149936923637741
Fe     1    5703.126093684245     1.0026662210039248
Mg     1    5712.67244653875      1.0176666822867035
Fe     1    5733.351777140469     1.009759976461811
Mo     1    5753.003233598317     1.0
Fe     1    5754.725694364557     1.0070789377807203
Ni     1    5756.266106436666     1.015155690311979
Si     1    5773.7487834999965    1.0207435785253216
Fe     1    5776.682068284723     1.019500911971396
Cr     1    5785.46991952334      1.0216602670351196
Cr     1    5789.524004264603     1.0157856733581418
Si     1    5794.678983613339     1.0234527722195774
Fe     1    5808.334937855258     1.0190782486996386
Fe     1    5810.828105047002     1.0198532372442692
Fe     1    5853.842217745841     1.0265698915565928
Ca     1    5859.074618420989     1.0170137734652065
Fe     1    5861.214191182892     1.016508829090711
Fe     1    5863.984932920292     1.0188894581744437
Ti     1    5868.077328493994     1.0
Ca     1    5869.1883259238175    1.0
Ca     1    5869.196328066112     1.0
Fe     1    6483.660928685685     1.0
Ca     1    6495.575329443239     1.014515625576423
Fe     1    6496.775051753972     1.0111587808369578
Fe     1    6500.734015360068     1.0088846401452958
Fe     2    6517.876921161999     1.019556620570448
Fe     1    6520.16663637006      1.0086834114003453
Fe     1    6548.046527753324     1.0196665687766897
Ni     1    6588.128999672801     1.0219676549956414
Fe     1    6594.73337474588      1.0159912729794918
Fe     1    6595.690732061377     1.0212209347039067
Fe     1    6599.381424044337     1.0224595702841826
Sc     2    6606.425117291336     1.0216054435451112
Fe     1    6610.935029524423     1.0122063410183197
Fe     1    6629.374086067407     1.0221559339283408
Ni     1    6645.484617017192     1.0187570857586707
Fe     1    6679.82895072668      1.018958613264566
Al     1    6697.87170219246      1.0175318237975874
Al     1    6700.522414966865     1.001800023521451
Fe     1    6705.416731065437     1.017622216284064
Cr     1    6723.703748749681     1.0180430706246741
Fe     1    6727.2123923259205    1.0
Fe     1    6735.0089891072275    1.0
Si     1    7682.383915272238     1.0043342743823196
Mg     1    7693.666959557328     1.005186911309424
K      1    7701.083260605108     1.0055135786264253
Fe     1    7712.487037622347     1.0061162860722261
Fe     2    7713.842803447365     1.006348136664846
Ni     1    7717.714448136995     1.0067506546442473
Fe     1    7750.401268486927     0.9955342255517798
Ni     1    7751.022436112898     0.992029600327572
Fe     1    7753.243035357763     1.0091130889116418
O      1    7774.082659254023     1.0107789716680866
O      1    7776.305259075406     1.0116829108649914
O      1    7777.52758895167      1.0113434112846655
Ni     1    7791.07324465637      1.010498564235634
Ni     1    7799.72557981853      1.0096235424399738
Rb     1    7802.205249061444     1.0116709471907566
Al     1    7837.464765789455     1.0091100445440853
Al     1    7838.289988531767     1.0103529646016693
Si     1    7852.143727973151     1.014323890760584
UL     3    4723.47               1.0222751041670564
UL     3    4745.74               1.0191645920344035
UL     3    4749.47               1.0231387649246722
UL     3    4765.26               1.0076818283768765
UL     3    4774.16               1.014286431745738
UL     3    4791.0                0.9905925425379802
UL     3    4808.33               1.0226673452808759
UL     3    4814.84               0.9953113976522414
UL     3    4819.16               1.0142517326940221
UL     3    4825.5                1.0116007860814071
UL     3    4830.74               0.9851784550719789
UL     3    4834.09               1.0123376115447116
UL     3    4840.91               1.0104377504333628
UL     3    4849.61               1.0187975009367647
UL     3    4852.85               1.0240004044143949
UL     3    5655.46               1.0
UL     3    5677.0                1.0135121609176037
UL     3    5693.09               1.0162168240500873
UL     3    5695.25               1.0147608490902826
UL     3    5707.59               1.0137268166275502
UL     3    5708.68               1.0133076800827778
UL     3    5716.69               1.0150488066825938
UL     3    5719.45               1.014861776610101
UL     3    5753.66               1.0198065917649057
UL     3    5792.62               1.0212523364842079
UL     3    6501.47               1.0130427045461983
UL     3    6571.05               1.0141083437864786
UL     3    6576.88               1.0249577677557453
UL     3    6706.96               1.0158433192986018
UL     3    6728.57               1.0
UL     3    7716.42               1.0067190639972543
UL     3    7725.34               1.002888286147066
UL     3    7729.78               1.0069971946941063
UL     3    7744.87               1.0093261124381938
UL     3    7782.75               1.0114487657911528
UL     3    7810.04               1.0110547754716757
UL     3    7834.36               1.012122469175067
