#elem  ion  wave                  correction(aperture/stacked)
La     2    4717.759567724955     1.0
Mg     1    4731.351766619823     1.0004798224124327
Fe     1    4734.916110486742     1.01509678114465
Mn     1    4740.415566878147     1.021711200004972
Fe     1    4742.8552129917925    1.0174016140460265
Fe     1    4747.1273444713015    1.0205325927661912
Ti     1    4759.448408090701     1.047343372658502
Ti     1    4760.600613316287     1.0435440924292183
Mn     1    4762.837505895204     1.0273668704543892
Ti     2    4765.857005824366     1.015649401667986
Fe     1    4780.775258460967     1.0193737656214952
V      1    4785.804091043368     1.0
Fe     1    4789.165481822721     1.0329206023246817
Fe     1    4790.095328242028     1.0182239688743338
Cr     1    4790.673881566418     0.9737362823287701
Ti     2    4799.872619512944     1.0085296337671452
Cr     1    4802.366680566258     0.9750804885648527
Fe     1    4804.222172380227     1.0106027192843854
Fe     1    4809.491669170637     0.9845471011330227
Zn     1    4811.881502677758     1.0258032155629198
Ti     1    4821.756520598129     1.0192055019749935
Ni     1    4832.529977081299     1.0198457287043787
Sm     2    4838.011430590429     1.0
Ti     1    4842.232549968105     1.0167046479218198
Fe     1    4845.367381317484     1.009771612829965
Cr     2    4849.590501330725     1.0189933453629638
Ti     2    4850.522548526964     0.9963047216691544
Y      2    4856.217358959939     1.0064731693485733
Ti     2    4866.969511046126     1.0277255916947914
Ni     1    4867.629286068777     1.0231860911374984
Ti     2    4875.370739800553     0.997324695424366
Fe     1    4877.238835417714     0.9973807955820566
Fe     1    4883.50749861639      1.0041540663106
Y      2    4885.046006832402     1.0151326695680278
Cr     2    4885.974153103399     1.00132876611044
Fe     1    4892.120884126167     1.0136352476109542
Fe     1    4892.858079747847     1.0162501927828174
Fe     1    5653.03740205537      1.0
Fe     1    5653.886328981642     1.0
Sc     2    5659.466220575779     1.001512115660388
Fe     1    5664.0875559795395    0.9933950369992863
Si     1    5667.126768463639     1.0185866143664897
Sc     2    5668.721694848641     0.970351720285718
Fe     1    5669.090793523595     0.9986190385269933
Sc     2    5670.628204538431     1.016497634363742
Fe     1    5680.598770204794     1.0136586520205866
Na     1    5684.210135764635     1.003142435434554
Na     1    5689.783325901822     1.0148554359763855
Si     1    5692.003919652215     1.015834481288213
Fe     1    5703.126093684245     1.0026207266792406
Mg     1    5712.67244653875      1.018536665854951
Fe     1    5733.351777140469     1.010035889538968
Mo     1    5753.003233598317     1.0
Fe     1    5754.725694364557     1.0071883678899503
Ni     1    5756.266106436666     1.0155152051525016
Si     1    5773.7487834999965    1.0211822318088062
Fe     1    5776.682068284723     1.0198320316487888
Cr     1    5785.46991952334      1.0220580379241673
Cr     1    5789.524004264603     1.016039099037779
Si     1    5794.678983613339     1.0239055844296379
Fe     1    5808.334937855258     1.0194542060883331
Fe     1    5810.828105047002     1.0202670724276688
Fe     1    5853.842217745841     1.0273237484356192
Ca     1    5859.074618420989     1.0176371830078856
Fe     1    5861.214191182892     1.0170092667301034
Fe     1    5863.984932920292     1.0195961311085644
Ti     1    5868.077328493994     1.0
Ca     1    5869.1883259238175    1.0
Ca     1    5869.196328066112     1.0
Fe     1    6483.660928685685     1.0
Ca     1    6495.575329443239     1.0145767622668107
Fe     1    6496.775051753972     1.0112098178714006
Fe     1    6500.734015360068     1.0089452589496601
Fe     2    6517.876921161999     1.0197724136771766
Fe     1    6520.16663637006      1.008751478310896
Fe     1    6548.046527753324     1.019920862425893
Ni     1    6588.128999672801     1.0222295462804771
Fe     1    6594.73337474588      1.0161531685378364
Fe     1    6595.690732061377     1.0214650132850527
Fe     1    6599.381424044337     1.022688871813266
Sc     2    6606.425117291336     1.0218069505980432
Fe     1    6610.935029524423     1.0122917328392433
Fe     1    6629.374086067407     1.022363872760813
Ni     1    6645.484617017192     1.0189804105432732
Fe     1    6679.82895072668      1.0195007848360413
Al     1    6697.87170219246      1.0182794959878592
Al     1    6700.522414966865     1.0016401249962943
Fe     1    6705.416731065437     1.0182815796064284
Cr     1    6723.703748749681     1.0189298106934155
Fe     1    6727.2123923259205    1.0
Fe     1    6735.0089891072275    1.0
Si     1    7682.383915272238     1.0043485548104298
Mg     1    7693.666959557328     1.0050946328934613
K      1    7701.083260605108     1.0053905754883368
Fe     1    7712.487037622347     1.0059878520977474
Fe     2    7713.842803447365     1.0062190960923152
Ni     1    7717.714448136995     1.0066284835189867
Fe     1    7750.401268486927     0.9954518749339749
Ni     1    7751.022436112898     0.99188925148267
Fe     1    7753.243035357763     1.0092507894058387
O      1    7774.082659254023     1.0111897553450104
O      1    7776.305259075406     1.0121382848207114
O      1    7777.52758895167      1.011806525126717
Ni     1    7791.07324465637      1.0109262594223258
Ni     1    7799.72557981853      1.0100307874838144
Rb     1    7802.205249061444     1.0122427344923906
Al     1    7837.464765789455     1.0097170601683054
Al     1    7838.289988531767     1.010905905368749
Si     1    7852.143727973151     1.014948268879808
UL     3    4723.47               1.0229007069239544
UL     3    4745.74               1.019790433640558
UL     3    4749.47               1.0239217373940301
UL     3    4765.26               1.0078694943305517
UL     3    4774.16               1.014544263087849
UL     3    4791.0                0.9901500688171697
UL     3    4808.33               1.0229598353803957
UL     3    4814.84               0.995161208068676
UL     3    4819.16               1.0144141614948754
UL     3    4825.5                1.0117014660881312
UL     3    4830.74               0.9849578565901289
UL     3    4834.09               1.0124319424680963
UL     3    4840.91               1.010498915106049
UL     3    4849.61               1.01899323892895
UL     3    4852.85               1.024340263401355
UL     3    5655.46               1.0
UL     3    5677.0                1.01440217726975
UL     3    5693.09               1.0171615887021448
UL     3    5695.25               1.0155075339647421
UL     3    5707.59               1.0144705371743643
UL     3    5708.68               1.0139245776406676
UL     3    5716.69               1.0156909894666961
UL     3    5719.45               1.0154630063182857
UL     3    5753.66               1.020274997493837
UL     3    5792.62               1.021656304814204
UL     3    6501.47               1.0131269423392122
UL     3    6571.05               1.0142508981593825
UL     3    6576.88               1.0252376599169817
UL     3    6706.96               1.0164596868053692
UL     3    6728.57               1.0
UL     3    7716.42               1.0065883425491955
UL     3    7725.34               1.0028591554102793
UL     3    7729.78               1.0069443206062132
UL     3    7744.87               1.0093986526843648
UL     3    7782.75               1.0118907952643275
UL     3    7810.04               1.0115548355421666
UL     3    7834.36               1.0127021666413016
