#elem  ion  wave                  correction(aperture/stacked)
La     2    4717.759567724955     1.0
Mg     1    4731.351766619823     1.0009282237572459
Fe     1    4734.916110486742     1.0126950125717864
Mn     1    4740.415566878147     1.018754802027117
Fe     1    4742.8552129917925    1.0152522616930872
Fe     1    4747.1273444713015    1.018484563661348
Ti     1    4759.448408090701     1.0445353296653956
Ti     1    4760.600613316287     1.0411628783847076
Mn     1    4762.837505895204     1.025983134406007
Ti     2    4765.857005824366     1.0146340966432121
Fe     1    4780.775258460967     1.0187354833985653
V      1    4785.804091043368     1.0
Fe     1    4789.165481822721     1.031620420381548
Fe     1    4790.095328242028     1.017464392129485
Cr     1    4790.673881566418     0.9753956173072916
Ti     2    4799.872619512944     1.008182770271941
Cr     1    4802.366680566258     0.9767442454222945
Fe     1    4804.222172380227     1.0095181850589687
Fe     1    4809.491669170637     0.9857535032554341
Zn     1    4811.881502677758     1.0243067583267964
Ti     1    4821.756520598129     1.0176299877545354
Ni     1    4832.529977081299     1.0176806913420615
Sm     2    4838.011430590429     1.0
Ti     1    4842.232549968105     1.0149967818558927
Fe     1    4845.367381317484     1.0090214412614087
Cr     2    4849.590501330725     1.0167852933618906
Ti     2    4850.522548526964     0.9974625243779203
Y      2    4856.217358959939     1.0058004203218356
Ti     2    4866.969511046126     1.0250449624130302
Ni     1    4867.629286068777     1.020996713071095
Ti     2    4875.370739800553     0.9980182846964835
Fe     1    4877.238835417714     0.997817779143162
Fe     1    4883.50749861639      1.0039161534487389
Y      2    4885.046006832402     1.0138305214903183
Cr     2    4885.974153103399     1.0004187747137596
Fe     1    4892.120884126167     1.01300964568478
Fe     1    4892.858079747847     1.015492995553637
Fe     1    5653.03740205537      1.0
Fe     1    5653.886328981642     1.0
Sc     2    5659.466220575779     1.0015288878045732
Fe     1    5664.0875559795395    0.9951363906526082
Si     1    5667.126768463639     1.0157305651924897
Sc     2    5668.721694848641     0.9760975942532937
Fe     1    5669.090793523595     0.9993759693841077
Sc     2    5670.628204538431     1.0139619978202206
Fe     1    5680.598770204794     1.0117274769830977
Na     1    5684.210135764635     1.002981123613566
Na     1    5689.783325901822     1.013213974026797
Si     1    5692.003919652215     1.0142235685368994
Fe     1    5703.126093684245     1.002666681432807
Mg     1    5712.67244653875      1.0174018460914824
Fe     1    5733.351777140469     1.0097641894263494
Mo     1    5753.003233598317     1.0
Fe     1    5754.725694364557     1.0070826673940823
Ni     1    5756.266106436666     1.0151639700559734
Si     1    5773.7487834999965    1.0206842349449894
Fe     1    5776.682068284723     1.0194433049248235
Cr     1    5785.46991952334      1.0215565945610443
Cr     1    5789.524004264603     1.0157102590734826
Si     1    5794.678983613339     1.0232755868127774
Fe     1    5808.334937855258     1.0189494563808204
Fe     1    5810.828105047002     1.0196938118844265
Fe     1    5853.842217745841     1.0264321500220164
Ca     1    5859.074618420989     1.016936948191583
Fe     1    5861.214191182892     1.016457433300187
Fe     1    5863.984932920292     1.0188415716596682
Ti     1    5868.077328493994     1.0
Ca     1    5869.1883259238175    1.0
Ca     1    5869.196328066112     1.0
Fe     1    6483.660928685685     1.0
Ca     1    6495.575329443239     1.0117079112924032
Fe     1    6496.775051753972     1.008987692446231
Fe     1    6500.734015360068     1.0068384396759598
Fe     2    6517.876921161999     1.0147995084675867
Fe     1    6520.16663637006      1.0069939140203201
Fe     1    6548.046527753324     1.0155402817168044
Ni     1    6588.128999672801     1.0187017568137935
Fe     1    6594.73337474588      1.0142368726538278
Fe     1    6595.690732061377     1.0186146537947707
Fe     1    6599.381424044337     1.0199102410474665
Sc     2    6606.425117291336     1.0196178982382893
Fe     1    6610.935029524423     1.0114453455592702
Fe     1    6629.374086067407     1.0209579490389207
Ni     1    6645.484617017192     1.0180996960435296
Fe     1    6679.82895072668      1.0185182511993898
Al     1    6697.87170219246      1.0167914866621246
Al     1    6700.522414966865     1.0019249014911482
Fe     1    6705.416731065437     1.0168404209530626
Cr     1    6723.703748749681     1.0165896251740125
Fe     1    6727.2123923259205    1.0
Fe     1    6735.0089891072275    1.0
Si     1    7682.383915272238     1.0034246494060004
Mg     1    7693.666959557328     1.004421440976101
K      1    7701.083260605108     1.0048907622994259
Fe     1    7712.487037622347     1.0056171661952904
Fe     2    7713.842803447365     1.0058479034512948
Ni     1    7717.714448136995     1.0062640605975464
Fe     1    7750.401268486927     0.9957942170792305
Ni     1    7751.022436112898     0.99245273653441
Fe     1    7753.243035357763     1.0087561304360249
O      1    7774.082659254023     1.010373501898802
O      1    7776.305259075406     1.0112352062694998
O      1    7777.52758895167      1.010902998498526
Ni     1    7791.07324465637      1.0102274826403432
Ni     1    7799.72557981853      1.009393521070916
Rb     1    7802.205249061444     1.0113898032085356
Al     1    7837.464765789455     1.0090841866965115
Al     1    7838.289988531767     1.010335795304545
Si     1    7852.143727973151     1.0144539433352457
UL     3    4723.47               1.017177982310689
UL     3    4745.74               1.0176478086284768
UL     3    4749.47               1.021609868232696
UL     3    4765.26               1.0075530684921281
UL     3    4774.16               1.0141209324143448
UL     3    4791.0                0.9909687859493659
UL     3    4808.33               1.021833238083742
UL     3    4814.84               0.9959254461755854
UL     3    4819.16               1.0133164769784502
UL     3    4825.5                1.0107194427618704
UL     3    4830.74               0.9872508367095668
UL     3    4834.09               1.0112529664484642
UL     3    4840.91               1.0096264070563976
UL     3    4849.61               1.016785196956169
UL     3    4852.85               1.0208657679518849
UL     3    5655.46               1.0
UL     3    5677.0                1.012201613211757
UL     3    5693.09               1.0153917574429434
UL     3    5695.25               1.0141574470068593
UL     3    5707.59               1.0134037142259371
UL     3    5708.68               1.0130537718212531
UL     3    5716.69               1.01490811321278
UL     3    5719.45               1.0147588809250958
UL     3    5753.66               1.0198248204209723
UL     3    5792.62               1.0211193106210295
UL     3    6501.47               1.010230561579089
UL     3    6571.05               1.0118794395396185
UL     3    6576.88               1.020763157442594
UL     3    6706.96               1.0150925084957088
UL     3    6728.57               1.0
UL     3    7716.42               1.006206515322683
UL     3    7725.34               1.0027272022552607
UL     3    7729.78               1.0066148370620027
UL     3    7744.87               1.0088869243899936
UL     3    7782.75               1.0110953914050254
UL     3    7810.04               1.0108608180520704
UL     3    7834.36               1.012072897672888
