#elem  ion  wave                  correction(aperture/stacked)
La     2    4717.759567724955     1.0
Mg     1    4731.351766619823     1.000418998985567
Fe     1    4734.916110486742     1.0153259824034542
Mn     1    4740.415566878147     1.0220157279778643
Fe     1    4742.8552129917925    1.0176322022013735
Fe     1    4747.1273444713015    1.0207704032813885
Ti     1    4759.448408090701     1.0477251543872839
Ti     1    4760.600613316287     1.0438699630094315
Mn     1    4762.837505895204     1.027563168109024
Ti     2    4765.857005824366     1.0158226325677011
Fe     1    4780.775258460967     1.019483769211542
V      1    4785.804091043368     1.0
Fe     1    4789.165481822721     1.0331377327448334
Fe     1    4790.095328242028     1.0183489238682741
Cr     1    4790.673881566418     0.9734570473873098
Ti     2    4799.872619512944     1.0085773825546915
Cr     1    4802.366680566258     0.9748400790680398
Fe     1    4804.222172380227     1.0107447114947217
Fe     1    4809.491669170637     0.9843897722409054
Zn     1    4811.881502677758     1.0259892757461369
Ti     1    4821.756520598129     1.0193812576650616
Ni     1    4832.529977081299     1.0200870073690522
Sm     2    4838.011430590429     1.0
Ti     1    4842.232549968105     1.016889889596098
Fe     1    4845.367381317484     1.0098449483519008
Cr     2    4849.590501330725     1.0192510998807307
Ti     2    4850.522548526964     0.9961434494007986
Y      2    4856.217358959939     1.0065543027138748
Ti     2    4866.969511046126     1.0281047196994704
Ni     1    4867.629286068777     1.0234988635303417
Ti     2    4875.370739800553     0.9971948208026982
Fe     1    4877.238835417714     0.9973037746638773
Fe     1    4883.50749861639      1.0042094587853367
Y      2    4885.046006832402     1.0154553319119264
Cr     2    4885.974153103399     1.0015443685266512
Fe     1    4892.120884126167     1.0138157682865465
Fe     1    4892.858079747847     1.0164785002942873
Fe     1    5653.03740205537      1.0
Fe     1    5653.886328981642     1.0
Sc     2    5659.466220575779     1.0015067916768912
Fe     1    5664.0875559795395    0.9932784748968991
Si     1    5667.126768463639     1.0187820605815585
Sc     2    5668.721694848641     0.9698840858869943
Fe     1    5669.090793523595     0.9985443741885275
Sc     2    5670.628204538431     1.0167048788275177
Fe     1    5680.598770204794     1.013902760166495
Na     1    5684.210135764635     1.0031545838764235
Na     1    5689.783325901822     1.0151350951192661
Si     1    5692.003919652215     1.0161246736352025
Fe     1    5703.126093684245     1.002596509083719
Mg     1    5712.67244653875      1.0188619017692564
Fe     1    5733.351777140469     1.0101271258265192
Mo     1    5753.003233598317     1.0
Fe     1    5754.725694364557     1.0071951965954733
Ni     1    5756.266106436666     1.0155301251789641
Si     1    5773.7487834999965    1.0211049864902304
Fe     1    5776.682068284723     1.0197598232844045
Cr     1    5785.46991952334      1.021921420231366
Cr     1    5789.524004264603     1.015954463945409
Si     1    5794.678983613339     1.0237234589695752
Fe     1    5808.334937855258     1.0192319834661918
Fe     1    5810.828105047002     1.0200197869789678
Fe     1    5853.842217745841     1.0270178417442024
Ca     1    5859.074618420989     1.017381549061382
Fe     1    5861.214191182892     1.0168162234794254
Fe     1    5863.984932920292     1.0193377637943986
Ti     1    5868.077328493994     1.0
Ca     1    5869.1883259238175    1.0
Ca     1    5869.196328066112     1.0
Fe     1    6483.660928685685     1.0
Ca     1    6495.575329443239     1.0152807363046559
Fe     1    6496.775051753972     1.011729553280628
Fe     1    6500.734015360068     1.0093818852454743
Fe     2    6517.876921161999     1.0204300390714547
Fe     1    6520.16663637006      1.0089507263871056
Fe     1    6548.046527753324     1.0202809126192862
Ni     1    6588.128999672801     1.0225333821017488
Fe     1    6594.73337474588      1.0162820589150485
Fe     1    6595.690732061377     1.0216640941197561
Fe     1    6599.381424044337     1.022884441547301
Sc     2    6606.425117291336     1.0219654232580608
Fe     1    6610.935029524423     1.0123498903264725
Fe     1    6629.374086067407     1.0225119648044392
Ni     1    6645.484617017192     1.0191127422424446
Fe     1    6679.82895072668      1.0197132866080763
Al     1    6697.87170219246      1.0185503187337523
Al     1    6700.522414966865     1.001593327274704
Fe     1    6705.416731065437     1.0185143373644587
Cr     1    6723.703748749681     1.0192013151265524
Fe     1    6727.2123923259205    1.0
Fe     1    6735.0089891072275    1.0
Si     1    7682.383915272238     1.0051567270937318
Mg     1    7693.666959557328     1.0060486634782428
K      1    7701.083260605108     1.0063095074300783
Fe     1    7712.487037622347     1.006856731160694
Fe     2    7713.842803447365     1.0070997457073043
Ni     1    7717.714448136995     1.0075072690700653
Fe     1    7750.401268486927     0.9950939504458634
Ni     1    7751.022436112898     0.991313109312183
Fe     1    7753.243035357763     1.0097191667557404
O      1    7774.082659254023     1.0114709709406873
O      1    7776.305259075406     1.0124170026329364
O      1    7777.52758895167      1.0120684533649162
Ni     1    7791.07324465637      1.0110189821511169
Ni     1    7799.72557981853      1.0100800636509937
Rb     1    7802.205249061444     1.0123009076954665
Al     1    7837.464765789455     1.009789066281643
Al     1    7838.289988531767     1.0109739747760575
Si     1    7852.143727973151     1.015105915897423
UL     3    4723.47               1.0233706699410485
UL     3    4745.74               1.0200337804746238
UL     3    4749.47               1.024231240610242
UL     3    4765.26               1.007923093767913
UL     3    4774.16               1.0146145259382413
UL     3    4791.0                0.9900084827428508
UL     3    4808.33               1.0231470132874567
UL     3    4814.84               0.9950629025248446
UL     3    4819.16               1.0145395977041982
UL     3    4825.5                1.0118024297486086
UL     3    4830.74               0.9846856629747063
UL     3    4834.09               1.0125579627912271
UL     3    4840.91               1.0105868331113934
UL     3    4849.61               1.019250992349612
UL     3    4852.85               1.0247538325383565
UL     3    5655.46               1.0
UL     3    5677.0                1.014647209301236
UL     3    5693.09               1.0174940825094334
UL     3    5695.25               1.015766025642669
UL     3    5707.59               1.0147707750835602
UL     3    5708.68               1.0141743321433154
UL     3    5716.69               1.015922258193327
UL     3    5719.45               1.015681326348397
UL     3    5753.66               1.0203105455531796
UL     3    5792.62               1.0215062794568548
UL     3    6501.47               1.0136978125629985
UL     3    6571.05               1.0144125063057938
UL     3    6576.88               1.0255386151315122
UL     3    6706.96               1.0166742793716104
UL     3    6728.57               1.0
UL     3    7716.42               1.0075084488917476
UL     3    7725.34               1.0031225959903618
UL     3    7729.78               1.007638098586484
UL     3    7744.87               1.0100419510406737
UL     3    7782.75               1.0120668508016164
UL     3    7810.04               1.0115844319299423
UL     3    7834.36               1.012758863823917
