#elem  ion  wave                  correction(aperture/stacked)
La     2    4717.759567724955     1.0
Mg     1    4731.351766619823     1.0009612843945814
Fe     1    4734.916110486742     1.0121657940755218
Mn     1    4740.415566878147     1.0174698298373177
Fe     1    4742.8552129917925    1.0140797294210169
Fe     1    4747.1273444713015    1.0168946542309438
Ti     1    4759.448408090701     1.0402604233804065
Ti     1    4760.600613316287     1.0373234706062626
Mn     1    4762.837505895204     1.0235410063914605
Ti     2    4765.857005824366     1.0130790980421005
Fe     1    4780.775258460967     1.01688491504059
V      1    4785.804091043368     1.0
Fe     1    4789.165481822721     1.0280271889349992
Fe     1    4790.095328242028     1.015338392518137
Cr     1    4790.673881566418     0.9795207295418034
Ti     2    4799.872619512944     1.007373868867126
Cr     1    4802.366680566258     0.9801705261788493
Fe     1    4804.222172380227     1.0072284199046406
Fe     1    4809.491669170637     0.9878076045413227
Zn     1    4811.881502677758     1.021710686679746
Ti     1    4821.756520598129     1.0153415670905694
Ni     1    4832.529977081299     1.0154605073369405
Sm     2    4838.011430590429     1.0
Ti     1    4842.232549968105     1.013224032824618
Fe     1    4845.367381317484     1.0081301157073121
Cr     2    4849.590501330725     1.0144669676588036
Ti     2    4850.522548526964     0.9984049455578634
Y      2    4856.217358959939     1.0049823050492124
Ti     2    4866.969511046126     1.0208145019775754
Ni     1    4867.629286068777     1.0174704345992305
Ti     2    4875.370739800553     0.9990675171702894
Fe     1    4877.238835417714     0.9985852542590616
Fe     1    4883.50749861639      1.0032433689843914
Y      2    4885.046006832402     1.0098164968299794
Cr     2    4885.974153103399     0.997620669179377
Fe     1    4892.120884126167     1.0103144340824495
Fe     1    4892.858079747847     1.0121342707477121
Fe     1    5653.03740205537      1.0
Fe     1    5653.886328981642     1.0
Sc     2    5659.466220575779     1.0014678569573565
Fe     1    5664.0875559795395    0.9961785215324537
Si     1    5667.126768463639     1.013421612325486
Sc     2    5668.721694848641     0.9807194290976506
Fe     1    5669.090793523595     0.9998808238977156
Sc     2    5670.628204538431     1.0116616829030163
Fe     1    5680.598770204794     1.0094443191045313
Na     1    5684.210135764635     1.002576074754716
Na     1    5689.783325901822     1.0100839219130184
Si     1    5692.003919652215     1.0108650802153372
Fe     1    5703.126093684245     1.0024909394922925
Mg     1    5712.67244653875      1.0130947008996503
Fe     1    5733.351777140469     1.0080076842163268
Mo     1    5753.003233598317     1.0
Fe     1    5754.725694364557     1.0063231562010786
Ni     1    5756.266106436666     1.0129996441011264
Si     1    5773.7487834999965    1.0181330607613663
Fe     1    5776.682068284723     1.017379387486155
Cr     1    5785.46991952334      1.019364547877372
Cr     1    5789.524004264603     1.0143044870353457
Si     1    5794.678983613339     1.0208842750974298
Fe     1    5808.334937855258     1.0174833882109584
Fe     1    5810.828105047002     1.0181566214265778
Fe     1    5853.842217745841     1.0242997686723312
Ca     1    5859.074618420989     1.015307990204176
Fe     1    5861.214191182892     1.0150781850723958
Fe     1    5863.984932920292     1.0170811705999125
Ti     1    5868.077328493994     1.0
Ca     1    5869.1883259238175    1.0
Ca     1    5869.196328066112     1.0
Fe     1    6483.660928685685     1.0
Ca     1    6495.575329443239     1.0110231373474385
Fe     1    6496.775051753972     1.0084870265087624
Fe     1    6500.734015360068     1.0064558754363118
Fe     2    6517.876921161999     1.0143930684528673
Fe     1    6520.16663637006      1.006847911352171
Fe     1    6548.046527753324     1.0152736667719136
Ni     1    6588.128999672801     1.0178676003487819
Fe     1    6594.73337474588      1.0135946949970587
Fe     1    6595.690732061377     1.0176868612368313
Fe     1    6599.381424044337     1.0188094034877417
Sc     2    6606.425117291336     1.0184428345454821
Fe     1    6610.935029524423     1.0108626923533315
Fe     1    6629.374086067407     1.019255294092186
Ni     1    6645.484617017192     1.016262108342698
Fe     1    6679.82895072668      1.0155355866435098
Al     1    6697.87170219246      1.013549982000437
Al     1    6700.522414966865     1.002211905817255
Fe     1    6705.416731065437     1.0139524047026178
Cr     1    6723.703748749681     1.0136401944448394
Fe     1    6727.2123923259205    1.0
Fe     1    6735.0089891072275    1.0
Si     1    7682.383915272238     1.0007774113858496
Mg     1    7693.666959557328     1.0013167380891759
K      1    7701.083260605108     1.001700035363621
Fe     1    7712.487037622347     1.002333709039034
Fe     2    7713.842803447365     1.002473265199563
Ni     1    7717.714448136995     1.0027716126946664
Fe     1    7750.401268486927     0.9978955359144395
Ni     1    7751.022436112898     0.9960272486917695
Fe     1    7753.243035357763     1.0052388716731966
O      1    7774.082659254023     1.0065822959270838
O      1    7776.305259075406     1.0071485121722787
O      1    7777.52758895167      1.0069519300764254
Ni     1    7791.07324465637      1.0069409936383216
Ni     1    7799.72557981853      1.0064194821611632
Rb     1    7802.205249061444     1.0075405639014485
Al     1    7837.464765789455     1.005135313406031
Al     1    7838.289988531767     1.006647592609968
Si     1    7852.143727973151     1.0099338991871696
UL     3    4723.47               1.017739680986538
UL     3    4745.74               1.0161461233682783
UL     3    4749.47               1.0195628462790174
UL     3    4765.26               1.0071281737809776
UL     3    4774.16               1.0129375050454932
UL     3    4791.0                0.9929673524954358
UL     3    4808.33               1.019634382788763
UL     3    4814.84               0.9969369313368773
UL     3    4819.16               1.0116489251138607
UL     3    4825.5                1.0094957173063515
UL     3    4830.74               0.9895005437279455
UL     3    4834.09               1.0099898970983199
UL     3    4840.91               1.0086554529032856
UL     3    4849.61               1.014466882844301
UL     3    4852.85               1.017057530440011
UL     3    5655.46               1.0
UL     3    5677.0                1.0098656926650234
UL     3    5693.09               1.0116402225975754
UL     3    5695.25               1.010902958984779
UL     3    5707.59               1.0099188349977948
UL     3    5708.68               1.0099340910363694
UL     3    5716.69               1.0115241522712006
UL     3    5719.45               1.0114400554694207
UL     3    5753.66               1.0168990002425735
UL     3    5792.62               1.019007902920987
UL     3    6501.47               1.0097212834966425
UL     3    6571.05               1.0115426673918977
UL     3    6576.88               1.0199890730065744
UL     3    6706.96               1.0124651763806254
UL     3    6728.57               1.0
UL     3    7716.42               1.002672587880253
UL     3    7725.34               1.0013900032142842
UL     3    7729.78               1.003348222635869
UL     3    7744.87               1.0049493951289155
UL     3    7782.75               1.0072482210368203
UL     3    7810.04               1.007532124048692
UL     3    7834.36               1.0082897646237785
