#elem  ion  wave                  correction(aperture/stacked)
La     2    4717.759567724955     1.0
Mg     1    4731.351766619823     1.0005090658002074
Fe     1    4734.916110486742     1.0149355633605113
Mn     1    4740.415566878147     1.0215205482345682
Fe     1    4742.8552129917925    1.0172640866369138
Fe     1    4747.1273444713015    1.020400297950964
Ti     1    4759.448408090701     1.0471444326731485
Ti     1    4760.600613316287     1.04337284453286
Mn     1    4762.837505895204     1.0272615614815832
Ti     2    4765.857005824366     1.0155529169146198
Fe     1    4780.775258460967     1.0192849751512345
V      1    4785.804091043368     1.0
Fe     1    4789.165481822721     1.032702812757145
Fe     1    4790.095328242028     1.0180957381313411
Cr     1    4790.673881566418     0.9740243508336011
Ti     2    4799.872619512944     1.0084710773021355
Cr     1    4802.366680566258     0.9753807405066293
Fe     1    4804.222172380227     1.010389358240959
Fe     1    4809.491669170637     0.9847503052737809
Zn     1    4811.881502677758     1.025562774627909
Ti     1    4821.756520598129     1.019000412201776
Ni     1    4832.529977081299     1.0196404645050905
Sm     2    4838.011430590429     1.0
Ti     1    4842.232549968105     1.016616146489732
Fe     1    4845.367381317484     1.0097463803931455
Cr     2    4849.590501330725     1.0189547057733073
Ti     2    4850.522548526964     0.9963219883250471
Y      2    4856.217358959939     1.0064860250818823
Ti     2    4866.969511046126     1.0279841824787055
Ni     1    4867.629286068777     1.0234086817091093
Ti     2    4875.370739800553     0.9971821466508409
Fe     1    4877.238835417714     0.9972888802069022
Fe     1    4883.50749861639      1.004251287448957
Y      2    4885.046006832402     1.0156297022777205
Cr     2    4885.974153103399     1.0016842051719905
Fe     1    4892.120884126167     1.013990762292084
Fe     1    4892.858079747847     1.0167103550944003
Fe     1    5653.03740205537      1.0
Fe     1    5653.886328981642     1.0
Sc     2    5659.466220575779     1.0015279035993963
Fe     1    5664.0875559795395    0.9939261732032785
Si     1    5667.126768463639     1.017768636816633
Sc     2    5668.721694848641     0.9721536426596865
Fe     1    5669.090793523595     0.9988907899574849
Sc     2    5670.628204538431     1.0157101759935698
Fe     1    5680.598770204794     1.0129463425221075
Na     1    5684.210135764635     1.0030892774898534
Na     1    5689.783325901822     1.0141654073845576
Si     1    5692.003919652215     1.0151330769136981
Fe     1    5703.126093684245     1.002659241140445
Mg     1    5712.67244653875      1.0178554268174937
Fe     1    5733.351777140469     1.009832030603851
Mo     1    5753.003233598317     1.0
Fe     1    5754.725694364557     1.0071061955485983
Ni     1    5756.266106436666     1.0152392604378144
Si     1    5773.7487834999965    1.0208274199115068
Fe     1    5776.682068284723     1.0195493112773375
Cr     1    5785.46991952334      1.0216922341732597
Cr     1    5789.524004264603     1.015798309659308
Si     1    5794.678983613339     1.0234571783454618
Fe     1    5808.334937855258     1.0190468182397723
Fe     1    5810.828105047002     1.0198117521924408
Fe     1    5853.842217745841     1.0262683231538645
Ca     1    5859.074618420989     1.0167556101801072
Fe     1    5861.214191182892     1.0162736619845096
Fe     1    5863.984932920292     1.0185886159403557
Ti     1    5868.077328493994     1.0
Ca     1    5869.1883259238175    1.0
Ca     1    5869.196328066112     1.0
Fe     1    6483.660928685685     1.0
Ca     1    6495.575329443239     1.0120280117523852
Fe     1    6496.775051753972     1.0093090373599052
Fe     1    6500.734015360068     1.0073257985037052
Fe     2    6517.876921161999     1.0172389476401509
Fe     1    6520.16663637006      1.0079583578133127
Fe     1    6548.046527753324     1.018588749195593
Ni     1    6588.128999672801     1.021584905709958
Fe     1    6594.73337474588      1.0158254687715935
Fe     1    6595.690732061377     1.0209760227667082
Fe     1    6599.381424044337     1.0222583773191467
Sc     2    6606.425117291336     1.0215010064928083
Fe     1    6610.935029524423     1.0121820131818642
Fe     1    6629.374086067407     1.0222475501957382
Ni     1    6645.484617017192     1.0189358752524644
Fe     1    6679.82895072668      1.0194215881402489
Al     1    6697.87170219246      1.0181067965559065
Al     1    6700.522414966865     1.001680919501182
Fe     1    6705.416731065437     1.0181109682026097
Cr     1    6723.703748749681     1.0186498999051063
Fe     1    6727.2123923259205    1.0
Fe     1    6735.0089891072275    1.0
Si     1    7682.383915272238     1.0034442309543934
Mg     1    7693.666959557328     1.0042810361124737
K      1    7701.083260605108     1.0047036598419545
Fe     1    7712.487037622347     1.0054046834666837
Fe     2    7713.842803447365     1.0056334869533403
Ni     1    7717.714448136995     1.0060701473354254
Fe     1    7750.401268486927     0.995739293976065
Ni     1    7751.022436112898     0.9923561216894554
Fe     1    7753.243035357763     1.0088601967036446
O      1    7774.082659254023     1.010710873449718
O      1    7776.305259075406     1.0116187163026378
O      1    7777.52758895167      1.011304571318546
Ni     1    7791.07324465637      1.0105492382956498
Ni     1    7799.72557981853      1.0096990439076527
Rb     1    7802.205249061444     1.011783353540228
Al     1    7837.464765789455     1.009231076427694
Al     1    7838.289988531767     1.0104615675880333
Si     1    7852.143727973151     1.0144075887391517
UL     3    4723.47               1.0224697605349706
UL     3    4745.74               1.0196521516104107
UL     3    4749.47               1.023769226689765
UL     3    4765.26               1.0078396735743425
UL     3    4774.16               1.0144967391235447
UL     3    4791.0                0.9902966927520379
UL     3    4808.33               1.0227710607929383
UL     3    4814.84               0.9952842191283882
UL     3    4819.16               1.0142616426304922
UL     3    4825.5                1.011592433105053
UL     3    4830.74               0.9852039831047924
UL     3    4834.09               1.0123313133226601
UL     3    4840.91               1.0104517481559863
UL     3    4849.61               1.018954599505373
UL     3    4852.85               1.0243393595494272
UL     3    5655.46               1.0
UL     3    5677.0                1.0136341600267216
UL     3    5693.09               1.0163757847650146
UL     3    5695.25               1.0148897504690746
UL     3    5707.59               1.0138810233720918
UL     3    5708.68               1.0134383746507838
UL     3    5716.69               1.0152109166950893
UL     3    5719.45               1.0150042249090945
UL     3    5753.66               1.0199230070998917
UL     3    5792.62               1.0212629634119694
UL     3    6501.47               1.0109584682730728
UL     3    6571.05               1.0137284626812535
UL     3    6576.88               1.024321900411104
UL     3    6706.96               1.0162964552638123
UL     3    6728.57               1.0
UL     3    7716.42               1.006001007133348
UL     3    7725.34               1.0026748762931739
UL     3    7729.78               1.0064942003854758
UL     3    7744.87               1.0089138681707466
UL     3    7782.75               1.011456664092799
UL     3    7810.04               1.0111633114375163
UL     3    7834.36               1.0122424425353378
