#elem  ion  wave                  correction(aperture/stacked)
La     2    4717.759567724955     1.0
Mg     1    4731.351766619823     1.0007750599646756
Fe     1    4734.916110486742     1.013667103336715
Mn     1    4740.415566878147     1.0198485544789568
Fe     1    4742.8552129917925    1.0160328494320474
Fe     1    4747.1273444713015    1.019156803230548
Ti     1    4759.448408090701     1.0452945757791305
Ti     1    4760.600613316287     1.041802693271037
Mn     1    4762.837505895204     1.0263568248686403
Ti     2    4765.857005824366     1.014874690487403
Fe     1    4780.775258460967     1.0190495363676335
V      1    4785.804091043368     1.0
Fe     1    4789.165481822721     1.032512730509636
Fe     1    4790.095328242028     1.0180026168382734
Cr     1    4790.673881566418     0.9742050340366376
Ti     2    4799.872619512944     1.0084981770569732
Cr     1    4802.366680566258     0.9751816812732677
Fe     1    4804.222172380227     1.010564361514247
Fe     1    4809.491669170637     0.9845324966450398
Zn     1    4811.881502677758     1.025842709297335
Ti     1    4821.756520598129     1.0192783160970684
Ni     1    4832.529977081299     1.0198922149523006
Sm     2    4838.011430590429     1.0
Ti     1    4842.232549968105     1.0166552688670147
Fe     1    4845.367381317484     1.0097378772265395
Cr     2    4849.590501330725     1.0188095759471205
Ti     2    4850.522548526964     0.9964261264924139
Y      2    4856.217358959939     1.0063787748113457
Ti     2    4866.969511046126     1.0269904146407685
Ni     1    4867.629286068777     1.0225652902437055
Ti     2    4875.370739800553     0.9976584469006408
Fe     1    4877.238835417714     0.9976020592478418
Fe     1    4883.50749861639      1.0039851565196307
Y      2    4885.046006832402     1.0141545684856335
Cr     2    4885.974153103399     1.000604555210054
Fe     1    4892.120884126167     1.0129234038736175
Fe     1    4892.858079747847     1.0153445598819946
Fe     1    5653.03740205537      1.0
Fe     1    5653.886328981642     1.0
Sc     2    5659.466220575779     1.0015410730170675
Fe     1    5664.0875559795395    0.9943814060749464
Si     1    5667.126768463639     1.0170256787425143
Sc     2    5668.721694848641     0.973617649367151
Fe     1    5669.090793523595     0.999079071547657
Sc     2    5670.628204538431     1.0150867972152022
Fe     1    5680.598770204794     1.0125009100332407
Na     1    5684.210135764635     1.003058853523244
Na     1    5689.783325901822     1.0138366132655852
Si     1    5692.003919652215     1.0148226750388043
Fe     1    5703.126093684245     1.0026675589842966
Mg     1    5712.67244653875      1.0177375528645036
Fe     1    5733.351777140469     1.0098360189476474
Mo     1    5753.003233598317     1.0
Fe     1    5754.725694364557     1.007117823827339
Ni     1    5756.266106436666     1.0152776708601317
Si     1    5773.7487834999965    1.0209016691092663
Fe     1    5776.682068284723     1.0196117159866216
Cr     1    5785.46991952334      1.0217812059624507
Cr     1    5789.524004264603     1.0158600311450698
Si     1    5794.678983613339     1.0235880493110707
Fe     1    5808.334937855258     1.019163648511033
Fe     1    5810.828105047002     1.0199473820438065
Fe     1    5853.842217745841     1.0268994712967527
Ca     1    5859.074618420989     1.017284305514391
Fe     1    5861.214191182892     1.0167375057660382
Fe     1    5863.984932920292     1.019231023459689
Ti     1    5868.077328493994     1.0
Ca     1    5869.1883259238175    1.0
Ca     1    5869.196328066112     1.0
Fe     1    6483.660928685685     1.0
Ca     1    6495.575329443239     1.0126010901067972
Fe     1    6496.775051753972     1.0097204326268854
Fe     1    6500.734015360068     1.0076244573271838
Fe     2    6517.876921161999     1.0173348966901055
Fe     1    6520.16663637006      1.007972721584736
Fe     1    6548.046527753324     1.0182449756862746
Ni     1    6588.128999672801     1.0210582485302342
Fe     1    6594.73337474588      1.0155267189941857
Fe     1    6595.690732061377     1.0204957403103332
Fe     1    6599.381424044337     1.021782652627196
Sc     2    6606.425117291336     1.0210981858683439
Fe     1    6610.935029524423     1.0120260039222106
Fe     1    6629.374086067407     1.0218856531019638
Ni     1    6645.484617017192     1.0186240052009639
Fe     1    6679.82895072668      1.018957621637225
Al     1    6697.87170219246      1.0174988243360832
Al     1    6700.522414966865     1.0018083755354683
Fe     1    6705.416731065437     1.0175671648546227
Cr     1    6723.703748749681     1.0178656698808108
Fe     1    6727.2123923259205    1.0
Fe     1    6735.0089891072275    1.0
Si     1    7682.383915272238     1.0037768050171358
Mg     1    7693.666959557328     1.004590736748319
K      1    7701.083260605108     1.0049647161618858
Fe     1    7712.487037622347     1.0056494122267883
Fe     2    7713.842803447365     1.00588147628635
Ni     1    7717.714448136995     1.0063061891352714
Fe     1    7750.401268486927     0.9955788982390993
Ni     1    7751.022436112898     0.9920942546024866
Fe     1    7753.243035357763     1.0090831682311552
O      1    7774.082659254023     1.010999019660957
O      1    7776.305259075406     1.011929412428506
O      1    7777.52758895167      1.011598582241944
Ni     1    7791.07324465637      1.0107626203802615
Ni     1    7799.72557981853      1.0098681090853083
Rb     1    7802.205249061444     1.0120109657950804
Al     1    7837.464765789455     1.0093572260975572
Al     1    7838.289988531767     1.0105738215796185
Si     1    7852.143727973151     1.0144968788745035
UL     3    4723.47               1.0199094761169454
UL     3    4745.74               1.0183698332614353
UL     3    4749.47               1.0223288213452115
UL     3    4765.26               1.0076267127163188
UL     3    4774.16               1.0142787632773778
UL     3    4791.0                0.990381760637012
UL     3    4808.33               1.0229631405700406
UL     3    4814.84               0.995130035598523
UL     3    4819.16               1.0144648618027703
UL     3    4825.5                1.011740041302101
UL     3    4830.74               0.98488871793924
UL     3    4834.09               1.0124484342962428
UL     3    4840.91               1.0104816749866272
UL     3    4849.61               1.018809470306674
UL     3    4852.85               1.0239587027230281
UL     3    5655.46               1.0
UL     3    5677.0                1.013108564677329
UL     3    5693.09               1.0160411142150076
UL     3    5695.25               1.0146458219472563
UL     3    5707.59               1.0137413355766653
UL     3    5708.68               1.0133286264930155
UL     3    5716.69               1.0151296745404401
UL     3    5719.45               1.0149562528426284
UL     3    5753.66               1.019970817633136
UL     3    5792.62               1.0213843364859958
UL     3    6501.47               1.0113451903913788
UL     3    6571.05               1.0134423536877144
UL     3    6576.88               1.0237353369732758
UL     3    6706.96               1.0157862573834018
UL     3    6728.57               1.0
UL     3    7716.42               1.0062465014284045
UL     3    7725.34               1.002754104897038
UL     3    7729.78               1.006714857019431
UL     3    7744.87               1.0091819070085883
UL     3    7782.75               1.0117059929289247
UL     3    7810.04               1.011334775181639
UL     3    7834.36               1.0123710853897794
