#elem  ion  wave                  correction(aperture/stacked)
La     2    4717.759567724955     1.0
Mg     1    4731.351766619823     1.000606821070523
Fe     1    4734.916110486742     1.0144651252719032
Mn     1    4740.415566878147     1.0208652397701605
Fe     1    4742.8552129917925    1.0167495716273167
Fe     1    4747.1273444713015    1.019841360724004
Ti     1    4759.448408090701     1.0461714199169734
Ti     1    4760.600613316287     1.0425395039915029
Mn     1    4762.837505895204     1.0267608423907046
Ti     2    4765.857005824366     1.0151238749659257
Fe     1    4780.775258460967     1.0190594975671723
V      1    4785.804091043368     1.0
Fe     1    4789.165481822721     1.032364867958972
Fe     1    4790.095328242028     1.0179075237741098
Cr     1    4790.673881566418     0.9744267722072398
Ti     2    4799.872619512944     1.0084284704296562
Cr     1    4802.366680566258     0.9755513439454283
Fe     1    4804.222172380227     1.0102956541521384
Fe     1    4809.491669170637     0.9848159670713734
Zn     1    4811.881502677758     1.02549871779042
Ti     1    4821.756520598129     1.0189593236077927
Ni     1    4832.529977081299     1.0195289433792614
Sm     2    4838.011430590429     1.0
Ti     1    4842.232549968105     1.0164433228277008
Fe     1    4845.367381317484     1.009661370295949
Cr     2    4849.590501330725     1.0185955243649425
Ti     2    4850.522548526964     0.9965483150626505
Y      2    4856.217358959939     1.0063329150340332
Ti     2    4866.969511046126     1.0269420853171998
Ni     1    4867.629286068777     1.0225327257034478
Ti     2    4875.370739800553     0.9976343876986122
Fe     1    4877.238835417714     0.9975813080086091
Fe     1    4883.50749861639      1.004008682495595
Y      2    4885.046006832402     1.0143141081849791
Cr     2    4885.974153103399     1.0007267955034105
Fe     1    4892.120884126167     1.0130656304057222
Fe     1    4892.858079747847     1.0155289387938844
Fe     1    5653.03740205537      1.0
Fe     1    5653.886328981642     1.0
Sc     2    5659.466220575779     1.00152994235697
Fe     1    5664.0875559795395    0.9939810668610507
Si     1    5667.126768463639     1.0176848586526004
Sc     2    5668.721694848641     0.9723303672391483
Fe     1    5669.090793523595     0.9989005078275974
Sc     2    5670.628204538431     1.0156351653009117
Fe     1    5680.598770204794     1.0128864217236788
Na     1    5684.210135764635     1.0030852078599504
Na     1    5689.783325901822     1.0141140499882242
Si     1    5692.003919652215     1.015082542012855
Fe     1    5703.126093684245     1.0026611278691442
Mg     1    5712.67244653875      1.0178196185676922
Fe     1    5733.351777140469     1.0098245805873254
Mo     1    5753.003233598317     1.0
Fe     1    5754.725694364557     1.0071036575052206
Ni     1    5756.266106436666     1.0152311714852391
Si     1    5773.7487834999965    1.0208124828059353
Fe     1    5776.682068284723     1.0195364928280422
Cr     1    5785.46991952334      1.0216728800456523
Cr     1    5789.524004264603     1.015784566197733
Si     1    5794.678983613339     1.0234124737284542
Fe     1    5808.334937855258     1.0190197712609463
Fe     1    5810.828105047002     1.0197804225106928
Fe     1    5853.842217745841     1.0261426087752819
Ca     1    5859.074618420989     1.0166492699347787
Fe     1    5861.214191182892     1.016182902659004
Fe     1    5863.984932920292     1.0184644667146179
Ti     1    5868.077328493994     1.0
Ca     1    5869.1883259238175    1.0
Ca     1    5869.196328066112     1.0
Fe     1    6483.660928685685     1.0
Ca     1    6495.575329443239     1.0145541112158716
Fe     1    6496.775051753972     1.0111869891753158
Fe     1    6500.734015360068     1.008908469967589
Fe     2    6517.876921161999     1.0195979039807102
Fe     1    6520.16663637006      1.0086959682766008
Fe     1    6548.046527753324     1.0197064905757813
Ni     1    6588.128999672801     1.0220264393708536
Fe     1    6594.73337474588      1.016023851720097
Fe     1    6595.690732061377     1.0212714260867046
Fe     1    6599.381424044337     1.0225109314029674
Sc     2    6606.425117291336     1.0216502978871418
Fe     1    6610.935029524423     1.0122237883165512
Fe     1    6629.374086067407     1.022200717995989
Ni     1    6645.484617017192     1.0187929348579825
Fe     1    6679.82895072668      1.018984365920801
Al     1    6697.87170219246      1.0175396230502247
Al     1    6700.522414966865     1.0017991700073912
Fe     1    6705.416731065437     1.0176203732273523
Cr     1    6723.703748749681     1.0180126128393754
Fe     1    6727.2123923259205    1.0
Fe     1    6735.0089891072275    1.0
Si     1    7682.383915272238     1.0035115578734064
Mg     1    7693.666959557328     1.0042647340000468
K      1    7701.083260605108     1.0046523464771642
Fe     1    7712.487037622347     1.0053274607399323
Fe     2    7713.842803447365     1.005553271760895
Ni     1    7717.714448136995     1.0059862474928833
Fe     1    7750.401268486927     0.9957478550144344
Ni     1    7751.022436112898     0.9923678348404672
Fe     1    7753.243035357763     1.0088573651288442
O      1    7774.082659254023     1.010785019780446
O      1    7776.305259075406     1.0117192881883021
O      1    7777.52758895167      1.0113948952522023
Ni     1    7791.07324465637      1.0106357667642865
Ni     1    7799.72557981853      1.0097822247564552
Rb     1    7802.205249061444     1.0118981961720224
Al     1    7837.464765789455     1.0092890472213294
Al     1    7838.289988531767     1.0105120835233397
Si     1    7852.143727973151     1.0144139372098842
UL     3    4723.47               1.0217714492513281
UL     3    4745.74               1.0190893671522196
UL     3    4749.47               1.0230917222718408
UL     3    4765.26               1.0077031247146904
UL     3    4774.16               1.0143311690931591
UL     3    4791.0                0.9904968160663261
UL     3    4808.33               1.0227031174119419
UL     3    4814.84               0.9953107096739906
UL     3    4819.16               1.0142327342349284
UL     3    4825.5                1.0115644190046151
UL     3    4830.74               0.9853115087848582
UL     3    4834.09               1.0122646392875663
UL     3    4840.91               1.0103750935972802
UL     3    4849.61               1.0185954196604698
UL     3    4852.85               1.0236704874152445
UL     3    5655.46               1.0
UL     3    5677.0                1.0135664944034142
UL     3    5693.09               1.016320009640972
UL     3    5695.25               1.0148473828206876
UL     3    5707.59               1.013846581403936
UL     3    5708.68               1.0134102361750137
UL     3    5716.69               1.0151868090056417
UL     3    5719.45               1.0149823637931303
UL     3    5753.66               1.0199123286180813
UL     3    5792.62               1.02123867249933
UL     3    6501.47               1.0130739728483034
UL     3    6571.05               1.0141362008385553
UL     3    6576.88               1.025015220659631
UL     3    6706.96               1.015839904194281
UL     3    6728.57               1.0
UL     3    7716.42               1.0059145233599607
UL     3    7725.34               1.0026475622783624
UL     3    7729.78               1.006429476731703
UL     3    7744.87               1.0088797371424716
UL     3    7782.75               1.0115468776333996
UL     3    7810.04               1.0112552041325504
UL     3    7834.36               1.0123055932749692
