#elem  ion  wave                  correction(aperture/stacked)
La     2    4717.759567724955     1.0
Mg     1    4731.351766619823     1.000717379537691
Fe     1    4734.916110486742     1.0139816812550961
Mn     1    4740.415566878147     1.020314987419091
Fe     1    4742.8552129917925    1.016365521858686
Fe     1    4747.1273444713015    1.0195019638352432
Ti     1    4759.448408090701     1.045806222638195
Ti     1    4760.600613316287     1.042233009672229
Mn     1    4762.837505895204     1.026654963853462
Ti     2    4765.857005824366     1.0150614405770106
Fe     1    4780.775258460967     1.0190924705779887
V      1    4785.804091043368     1.0
Fe     1    4789.165481822721     1.032480970423298
Fe     1    4790.095328242028     1.0179770415923874
Cr     1    4790.673881566418     0.9742715948180728
Ti     2    4799.872619512944     1.008461240687774
Cr     1    4802.366680566258     0.9753926014428419
Fe     1    4804.222172380227     1.0103966662652801
Fe     1    4809.491669170637     0.9847052761875908
Zn     1    4811.881502677758     1.025630836025534
Ti     1    4821.756520598129     1.019088102710958
Ni     1    4832.529977081299     1.019726595282114
Sm     2    4838.011430590429     1.0
Ti     1    4842.232549968105     1.0166316565444011
Fe     1    4845.367381317484     1.0097445031772503
Cr     2    4849.590501330725     1.0189096173248842
Ti     2    4850.522548526964     0.9963548633642257
Y      2    4856.217358959939     1.0064517957107821
Ti     2    4866.969511046126     1.0276707740831514
Ni     1    4867.629286068777     1.0231431449442479
Ti     2    4875.370739800553     0.9973293664819654
Fe     1    4877.238835417714     0.997381442567306
Fe     1    4883.50749861639      1.0041589499259498
Y      2    4885.046006832402     1.0151660972195966
Cr     2    4885.974153103399     1.0013566984700948
Fe     1    4892.120884126167     1.0136777323770387
Fe     1    4892.858079747847     1.016307198737237
Fe     1    5653.03740205537      1.0
Fe     1    5653.886328981642     1.0
Sc     2    5659.466220575779     1.0015397571954427
Fe     1    5664.0875559795395    0.9943039799189856
Si     1    5667.126768463639     1.0171576337691575
Sc     2    5668.721694848641     0.9733405318159749
Fe     1    5669.090793523595     0.9990413188036743
Sc     2    5670.628204538431     1.015211507585706
Fe     1    5680.598770204794     1.0126184776973504
Na     1    5684.210135764635     1.003068233889806
Na     1    5689.783325901822     1.013953152024391
Si     1    5692.003919652215     1.0149417366860103
Fe     1    5703.126093684245     1.002662687157732
Mg     1    5712.67244653875      1.01785864978598
Fe     1    5733.351777140469     1.0098715193223722
Mo     1    5753.003233598317     1.0
Fe     1    5754.725694364557     1.007128351045658
Ni     1    5756.266106436666     1.0153096732380835
Si     1    5773.7487834999965    1.020922932334045
Fe     1    5776.682068284723     1.0196255931309306
Cr     1    5785.46991952334      1.021787691136444
Cr     1    5789.524004264603     1.0158613523525102
Si     1    5794.678983613339     1.0235838574999787
Fe     1    5808.334937855258     1.0191501556364668
Fe     1    5810.828105047002     1.0199305192685713
Fe     1    5853.842217745841     1.026812937765535
Ca     1    5859.074618420989     1.017210207408235
Fe     1    5861.214191182892     1.016676361225682
Fe     1    5863.984932920292     1.0191466214366447
Ti     1    5868.077328493994     1.0
Ca     1    5869.1883259238175    1.0
Ca     1    5869.196328066112     1.0
Fe     1    6483.660928685685     1.0
Ca     1    6495.575329443239     1.0130295208766522
Fe     1    6496.775051753972     1.0100221926880584
Fe     1    6500.734015360068     1.0078297702678203
Fe     2    6517.876921161999     1.017290338047986
Fe     1    6520.16663637006      1.0079412336517122
Fe     1    6548.046527753324     1.0178712854661953
Ni     1    6588.128999672801     1.020677276294307
Fe     1    6594.73337474588      1.0153462977753474
Fe     1    6595.690732061377     1.02021389666637
Fe     1    6599.381424044337     1.021530927976495
Sc     2    6606.425117291336     1.0209305511148732
Fe     1    6610.935029524423     1.0119732390723604
Fe     1    6629.374086067407     1.0219187281390947
Ni     1    6645.484617017192     1.0187927662287786
Fe     1    6679.82895072668      1.0193970459119643
Al     1    6697.87170219246      1.0179668212677253
Al     1    6700.522414966865     1.0017164062190407
Fe     1    6705.416731065437     1.0179282105452399
Cr     1    6723.703748749681     1.0181754699410088
Fe     1    6727.2123923259205    1.0
Fe     1    6735.0089891072275    1.0
Si     1    7682.383915272238     1.003726073943223
Mg     1    7693.666959557328     1.0045880391924578
K      1    7701.083260605108     1.0049697878142938
Fe     1    7712.487037622347     1.0056347788878268
Fe     2    7713.842803447365     1.0058621605132902
Ni     1    7717.714448136995     1.0062707262562953
Fe     1    7750.401268486927     0.9957380473098209
Ni     1    7751.022436112898     0.9923579658287802
Fe     1    7753.243035357763     1.0088466569571077
O      1    7774.082659254023     1.0105816828946914
O      1    7776.305259075406     1.0114693572785616
O      1    7777.52758895167      1.011139021101511
Ni     1    7791.07324465637      1.0104157445432507
Ni     1    7799.72557981853      1.0095754134721207
Rb     1    7802.205249061444     1.0116148155145313
Al     1    7837.464765789455     1.009154545884956
Al     1    7838.289988531767     1.0103950882167267
Si     1    7852.143727973151     1.0144046277827274
UL     3    4723.47               1.0205048626652449
UL     3    4745.74               1.0187227734138022
UL     3    4749.47               1.0227311284573468
UL     3    4765.26               1.0076812702605602
UL     3    4774.16               1.014333723410346
UL     3    4791.0                0.9904179308186981
UL     3    4808.33               1.0228063790882578
UL     3    4814.84               0.9952424186092592
UL     3    4819.16               1.0143233140495653
UL     3    4825.5                1.0116408924376667
UL     3    4830.74               0.9850975861147997
UL     3    4834.09               1.0123718315036212
UL     3    4840.91               1.010462935645568
UL     3    4849.61               1.018909511251271
UL     3    4852.85               1.0242182687720933
UL     3    5655.46               1.0
UL     3    5677.0                1.013233316002028
UL     3    5693.09               1.0161746771396243
UL     3    5695.25               1.014751508053932
UL     3    5707.59               1.0138473517150537
UL     3    5708.68               1.0134171448609035
UL     3    5716.69               1.0152347831911288
UL     3    5719.45               1.0150398819409534
UL     3    5753.66               1.0200166713108652
UL     3    5792.62               1.0213830348732105
UL     3    6501.47               1.011605684750818
UL     3    6571.05               1.01318350241432
UL     3    6576.88               1.0232604650702268
UL     3    6706.96               1.0161127686378206
UL     3    6728.57               1.0
UL     3    7716.42               1.0062155649397553
UL     3    7725.34               1.002728881853264
UL     3    7729.78               1.0066248670368327
UL     3    7744.87               1.0089522419090715
UL     3    7782.75               1.0113108774726443
UL     3    7810.04               1.0110314354193717
UL     3    7834.36               1.0121579847899225
