#elem  ion  wave                  correction(aperture/stacked)
La     2    4717.759567724955     1.0
Mg     1    4731.351766619823     1.0005005507554494
Fe     1    4734.916110486742     1.015065546450369
Mn     1    4740.415566878147     1.021775200960608
Fe     1    4742.8552129917925    1.017486957289464
Fe     1    4747.1273444713015    1.0206849357723278
Ti     1    4759.448408090701     1.0478837389586921
Ti     1    4760.600613316287     1.044028399195173
Mn     1    4762.837505895204     1.0276835367733745
Ti     2    4765.857005824366     1.0159591814456568
Fe     1    4780.775258460967     1.0196307273333558
V      1    4785.804091043368     1.0
Fe     1    4789.165481822721     1.0334352307388628
Fe     1    4790.095328242028     1.0185183463777443
Cr     1    4790.673881566418     0.9730773209658937
Ti     2    4799.872619512944     1.0086282399379007
Cr     1    4802.366680566258     0.9746097059095226
Fe     1    4804.222172380227     1.0108669810150788
Fe     1    4809.491669170637     0.9843211277749839
Zn     1    4811.881502677758     1.0260704014492497
Ti     1    4821.756520598129     1.0193617864029076
Ni     1    4832.529977081299     1.0199508995774895
Sm     2    4838.011430590429     1.0
Ti     1    4842.232549968105     1.0167425211017385
Fe     1    4845.367381317484     1.0097838335849714
Cr     2    4849.590501330725     1.0190292999334023
Ti     2    4850.522548526964     0.9962827679037289
Y      2    4856.217358959939     1.0064857568361165
Ti     2    4866.969511046126     1.0278407900922224
Ni     1    4867.629286068777     1.0232849521975818
Ti     2    4875.370739800553     0.9972567810930352
Fe     1    4877.238835417714     0.9973380228377626
Fe     1    4883.50749861639      1.0041962495348629
Y      2    4885.046006832402     1.0154006378765401
Cr     2    4885.974153103399     1.001512035690319
Fe     1    4892.120884126167     1.0138321154692689
Fe     1    4892.858079747847     1.0165068961740817
Fe     1    5653.03740205537      1.0
Fe     1    5653.886328981642     1.0
Sc     2    5659.466220575779     1.001515831212469
Fe     1    5664.0875559795395    0.993562543395879
Si     1    5667.126768463639     1.018401435474625
Sc     2    5668.721694848641     0.9706866795855491
Fe     1    5669.090793523595     0.9986679608303961
Sc     2    5670.628204538431     1.0163963889402086
Fe     1    5680.598770204794     1.0137457523858182
Na     1    5684.210135764635     1.0031495204344143
Na     1    5689.783325901822     1.0150871148526162
Si     1    5692.003919652215     1.0161010071894165
Fe     1    5703.126093684245     1.002588487285643
Mg     1    5712.67244653875      1.019052863056277
Fe     1    5733.351777140469     1.0102331885093598
Mo     1    5753.003233598317     1.0
Fe     1    5754.725694364557     1.0072538601709486
Ni     1    5756.266106436666     1.0156862664265145
Si     1    5773.7487834999965    1.0212788281166933
Fe     1    5776.682068284723     1.0198901238657507
Cr     1    5785.46991952334      1.0220695469559322
Cr     1    5789.524004264603     1.0160315450481632
Si     1    5794.678983613339     1.0238571617186476
Fe     1    5808.334937855258     1.0192971580821992
Fe     1    5810.828105047002     1.0200877761157194
Fe     1    5853.842217745841     1.0271043933105992
Ca     1    5859.074618420989     1.017456436259934
Fe     1    5861.214191182892     1.0168782606747568
Fe     1    5863.984932920292     1.0194256884981943
Ti     1    5868.077328493994     1.0
Ca     1    5869.1883259238175    1.0
Ca     1    5869.196328066112     1.0
Fe     1    6483.660928685685     1.0
Ca     1    6495.575329443239     1.013887350958624
Fe     1    6496.775051753972     1.0107119869270906
Fe     1    6500.734015360068     1.00855256429465
Fe     2    6517.876921161999     1.0194430687201332
Fe     1    6520.16663637006      1.0086662585920707
Fe     1    6548.046527753324     1.0200356195531024
Ni     1    6588.128999672801     1.0226418668365123
Fe     1    6594.73337474588      1.0163543203552303
Fe     1    6595.690732061377     1.0217798254280042
Fe     1    6599.381424044337     1.0230104683615466
Sc     2    6606.425117291336     1.0220808597125006
Fe     1    6610.935029524423     1.012393602059543
Fe     1    6629.374086067407     1.0226303994998376
Ni     1    6645.484617017192     1.0191658782068804
Fe     1    6679.82895072668      1.0196762187185062
Al     1    6697.87170219246      1.0184842150304252
Al     1    6700.522414966865     1.0016089631083633
Fe     1    6705.416731065437     1.0184417377598187
Cr     1    6723.703748749681     1.0191664365978867
Fe     1    6727.2123923259205    1.0
Fe     1    6735.0089891072275    1.0
Si     1    7682.383915272238     1.0050696036120805
Mg     1    7693.666959557328     1.0059604430863571
K      1    7701.083260605108     1.006242401885386
Fe     1    7712.487037622347     1.0068312503654924
Fe     2    7713.842803447365     1.007079392307455
Ni     1    7717.714448136995     1.0075048433697362
Fe     1    7750.401268486927     0.9949662990890022
Ni     1    7751.022436112898     0.9911047008646645
Fe     1    7753.243035357763     1.0098958080511362
O      1    7774.082659254023     1.0117825834788134
O      1    7776.305259075406     1.0127621987493938
O      1    7777.52758895167      1.012413266640843
Ni     1    7791.07324465637      1.0112747422382946
Ni     1    7799.72557981853      1.010322607212945
Rb     1    7802.205249061444     1.012627908611542
Al     1    7837.464765789455     1.0099967367324525
Al     1    7838.289988531767     1.0111585732336408
Si     1    7852.143727973151     1.015259670538491
UL     3    4723.47               1.0225155257821918
UL     3    4745.74               1.0199243508520812
UL     3    4749.47               1.0241472033068206
UL     3    4765.26               1.0079632259891884
UL     3    4774.16               1.0146953189751067
UL     3    4791.0                0.9898160355276023
UL     3    4808.33               1.0232390306562895
UL     3    4814.84               0.9950361687148565
UL     3    4819.16               1.0145427138182412
UL     3    4825.5                1.011773348121512
UL     3    4830.74               0.9848225392311064
UL     3    4834.09               1.0124806256431744
UL     3    4840.91               1.010518823244924
UL     3    4849.61               1.0190291933452251
UL     3    4852.85               1.024397686222861
UL     3    5655.46               1.0
UL     3    5677.0                1.014428671202707
UL     3    5693.09               1.0174811172879175
UL     3    5695.25               1.0157759954126664
UL     3    5707.59               1.0148963931179311
UL     3    5708.68               1.0142837460361451
UL     3    5716.69               1.0160855983410206
UL     3    5719.45               1.0158726010527135
UL     3    5753.66               1.0205402821882013
UL     3    5792.62               1.0216260818144884
UL     3    6501.47               1.0126120755375394
UL     3    6571.05               1.014410014884253
UL     3    6576.88               1.025582892285216
UL     3    6706.96               1.0166088976770464
UL     3    6728.57               1.0
UL     3    7716.42               1.007499360424821
UL     3    7725.34               1.0031345037945338
UL     3    7729.78               1.0076933034512043
UL     3    7744.87               1.010203531860655
UL     3    7782.75               1.012384766994946
UL     3    7810.04               1.0118274288915583
UL     3    7834.36               1.0129650338927212
