#elem  ion  wave                  correction(aperture/stacked)
La     2    4717.759567724955     1.0
Mg     1    4731.351766619823     1.0006759511130479
Fe     1    4734.916110486742     1.0141420965910488
Mn     1    4740.415566878147     1.020432748939655
Fe     1    4742.8552129917925    1.01642130632507
Fe     1    4747.1273444713015    1.0195016534975379
Ti     1    4759.448408090701     1.0455425793216786
Ti     1    4760.600613316287     1.0419865719879042
Mn     1    4762.837505895204     1.0264343380222907
Ti     2    4765.857005824366     1.01489670474469
Fe     1    4780.775258460967     1.0189451150775666
V      1    4785.804091043368     1.0
Fe     1    4789.165481822721     1.032210474603969
Fe     1    4790.095328242028     1.0178231861789695
Cr     1    4790.673881566418     0.9746026611639482
Ti     2    4799.872619512944     1.0084206034289136
Cr     1    4802.366680566258     0.9755556939902683
Fe     1    4804.222172380227     1.0103084011317418
Fe     1    4809.491669170637     0.9847522758233936
Zn     1    4811.881502677758     1.0256016426132155
Ti     1    4821.756520598129     1.0191580262875142
Ni     1    4832.529977081299     1.01992740721977
Sm     2    4838.011430590429     1.0
Ti     1    4842.232549968105     1.016827163968223
Fe     1    4845.367381317484     1.0098251636484024
Cr     2    4849.590501330725     1.0191971421897204
Ti     2    4850.522548526964     0.9961759081442084
Y      2    4856.217358959939     1.0065415602889405
Ti     2    4866.969511046126     1.0280415064449198
Ni     1    4867.629286068777     1.023445719874232
Ti     2    4875.370739800553     0.9972240748509329
Fe     1    4877.238835417714     0.9973232745060523
Fe     1    4883.50749861639      1.0041912099887453
Y      2    4885.046006832402     1.0153254491193326
Cr     2    4885.974153103399     1.0014650502615652
Fe     1    4892.120884126167     1.0137318663795438
Fe     1    4892.858079747847     1.0163690776057641
Fe     1    5653.03740205537      1.0
Fe     1    5653.886328981642     1.0
Sc     2    5659.466220575779     1.0015341623757867
Fe     1    5664.0875559795395    0.9944801073880103
Si     1    5667.126768463639     1.0168125872856262
Sc     2    5668.721694848641     0.9741089380020649
Fe     1    5669.090793523595     0.9991463559261003
Sc     2    5670.628204538431     1.0148384530510992
Fe     1    5680.598770204794     1.0121418896364391
Na     1    5684.210135764635     1.0030241599108678
Na     1    5689.783325901822     1.0133721088272736
Si     1    5692.003919652215     1.014321090235809
Fe     1    5703.126093684245     1.002670103034601
Mg     1    5712.67244653875      1.016991897968791
Fe     1    5733.351777140469     1.009530743664986
Mo     1    5753.003233598317     1.0
Fe     1    5754.725694364557     1.0069994002717575
Ni     1    5756.266106436666     1.014914089095053
Si     1    5773.7487834999965    1.020497079859297
Fe     1    5776.682068284723     1.0193003268329623
Cr     1    5785.46991952334      1.0214822570523954
Cr     1    5789.524004264603     1.0156835763002658
Si     1    5794.678983613339     1.0232740199551158
Fe     1    5808.334937855258     1.0190205702401876
Fe     1    5810.828105047002     1.0198000141300303
Fe     1    5853.842217745841     1.0268296743126344
Ca     1    5859.074618420989     1.0172376009396087
Fe     1    5861.214191182892     1.0167023239846966
Fe     1    5863.984932920292     1.0191875355598021
Ti     1    5868.077328493994     1.0
Ca     1    5869.1883259238175    1.0
Ca     1    5869.196328066112     1.0
Fe     1    6483.660928685685     1.0
Ca     1    6495.575329443239     1.0112284291062763
Fe     1    6496.775051753972     1.0086636216576321
Fe     1    6500.734015360068     1.0066674600323549
Fe     2    6517.876921161999     1.0152804932816368
Fe     1    6520.16663637006      1.0072100962629407
Fe     1    6548.046527753324     1.0165672075772076
Ni     1    6588.128999672801     1.0196672986260045
Fe     1    6594.73337474588      1.0147653524019606
Fe     1    6595.690732061377     1.019327964786195
Fe     1    6599.381424044337     1.0206494799776447
Sc     2    6606.425117291336     1.0201717919778275
Fe     1    6610.935029524423     1.0116566869985362
Fe     1    6629.374086067407     1.0211926278996757
Ni     1    6645.484617017192     1.0181431235611953
Fe     1    6679.82895072668      1.0184263590162848
Al     1    6697.87170219246      1.0168294165442981
Al     1    6700.522414966865     1.0019138261560983
Fe     1    6705.416731065437     1.016953259080509
Cr     1    6723.703748749681     1.017018603310766
Fe     1    6727.2123923259205    1.0
Fe     1    6735.0089891072275    1.0
Si     1    7682.383915272238     1.0026102814673141
Mg     1    7693.666959557328     1.0033846359255232
K      1    7701.083260605108     1.0038177115637255
Fe     1    7712.487037622347     1.004551228089628
Fe     2    7713.842803447365     1.0047610234922477
Ni     1    7717.714448136995     1.0051653676952332
Fe     1    7750.401268486927     0.9962816337943123
Ni     1    7751.022436112898     0.9932546064980372
Fe     1    7753.243035357763     1.008051999240193
O      1    7774.082659254023     1.0098047084739847
O      1    7776.305259075406     1.0106413772415186
O      1    7777.52758895167      1.0103265012653186
Ni     1    7791.07324465637      1.009882102686805
Ni     1    7799.72557981853      1.00909522790517
Rb     1    7802.205249061444     1.010976750853714
Al     1    7837.464765789455     1.0084582553958046
Al     1    7838.289988531767     1.0097520209627942
Si     1    7852.143727973151     1.0135574003949515
UL     3    4723.47               1.021121245308479
UL     3    4745.74               1.0187421564631813
UL     3    4749.47               1.0226922482086935
UL     3    4765.26               1.0076321129521637
UL     3    4774.16               1.0142439846521678
UL     3    4791.0                0.990583271263241
UL     3    4808.33               1.0227520588253882
UL     3    4814.84               0.995241024676164
UL     3    4819.16               1.0143562018185044
UL     3    4825.5                1.0116988068687136
UL     3    4830.74               0.9848883499288146
UL     3    4834.09               1.0124831284812421
UL     3    4840.91               1.010554333781791
UL     3    4849.61               1.0191970348867028
UL     3    4852.85               1.0246803328336083
UL     3    5655.46               1.0
UL     3    5677.0                1.0127755400015246
UL     3    5693.09               1.0154654281014468
UL     3    5695.25               1.0141640415752415
UL     3    5707.59               1.0131274941516732
UL     3    5708.68               1.0127975136526621
UL     3    5716.69               1.0145509804311668
UL     3    5719.45               1.0143676969541922
UL     3    5753.66               1.0194553466286562
UL     3    5792.62               1.0211013868417966
UL     3    6501.47               1.0100273707909193
UL     3    6571.05               1.0125322343608312
UL     3    6576.88               1.0220061786653942
UL     3    6706.96               1.0152136921383472
UL     3    6728.57               1.0
UL     3    7716.42               1.0050652853478557
UL     3    7725.34               1.0023526986991056
UL     3    7729.78               1.0057007912546507
UL     3    7744.87               1.007982771392554
UL     3    7782.75               1.0106256859423755
UL     3    7810.04               1.0105173424742735
UL     3    7834.36               1.0115087071814475
