#elem  ion  wave                  correction(aperture/stacked)
La     2    4717.759567724955     1.0
Mg     1    4731.351766619823     1.0006250988803567
Fe     1    4734.916110486742     1.014427142763401
Mn     1    4740.415566878147     1.0209168222926852
Fe     1    4742.8552129917925    1.0168266414120286
Fe     1    4747.1273444713015    1.019991329134016
Ti     1    4759.448408090701     1.0467999511162658
Ti     1    4760.600613316287     1.0431132216042187
Mn     1    4762.837505895204     1.0271462517983647
Ti     2    4765.857005824366     1.0155074397497545
Fe     1    4780.775258460967     1.01946878698524
V      1    4785.804091043368     1.0
Fe     1    4789.165481822721     1.0333279296671407
Fe     1    4790.095328242028     1.0184710574829403
Cr     1    4790.673881566418     0.9731627594281147
Ti     2    4799.872619512944     1.008669902133966
Cr     1    4802.366680566258     0.9743234566305908
Fe     1    4804.222172380227     1.0110623145164297
Fe     1    4809.491669170637     0.9840147206920964
Zn     1    4811.881502677758     1.0265048829873213
Ti     1    4821.756520598129     1.019827911748503
Ni     1    4832.529977081299     1.0206199088559995
Sm     2    4838.011430590429     1.0
Ti     1    4842.232549968105     1.0171980706971315
Fe     1    4845.367381317484     1.0099501202102188
Cr     2    4849.590501330725     1.0195670670739663
Ti     2    4850.522548526964     0.9959490936538566
Y      2    4856.217358959939     1.006620108852485
Ti     2    4866.969511046126     1.0281645603445246
Ni     1    4867.629286068777     1.0235370536654094
Ti     2    4875.370739800553     0.997236882981102
Fe     1    4877.238835417714     0.997337671412566
Fe     1    4883.50749861639      1.004165629433876
Y      2    4885.046006832402     1.015170027166259
Cr     2    4885.974153103399     1.0013440788501078
Fe     1    4892.120884126167     1.0135882353205001
Fe     1    4892.858079747847     1.0161810191988987
Fe     1    5653.03740205537      1.0
Fe     1    5653.886328981642     1.0
Sc     2    5659.466220575779     1.001527632884985
Fe     1    5664.0875559795395    0.9938539389021998
Si     1    5667.126768463639     1.0179485875412726
Sc     2    5668.721694848641     0.9716874827790012
Fe     1    5669.090793523595     0.9988195320449298
Sc     2    5670.628204538431     1.0159705611917784
Fe     1    5680.598770204794     1.0133579145001683
Na     1    5684.210135764635     1.003129709086353
Na     1    5689.783325901822     1.014712370657751
Si     1    5692.003919652215     1.0157245819517642
Fe     1    5703.126093684245     1.002617057034199
Mg     1    5712.67244653875      1.0187075721988665
Fe     1    5733.351777140469     1.0101497126978387
Mo     1    5753.003233598317     1.0
Fe     1    5754.725694364557     1.0072336379306657
Ni     1    5756.266106436666     1.0156225341533087
Si     1    5773.7487834999965    1.0212329691551414
Fe     1    5776.682068284723     1.0198577544816132
Cr     1    5785.46991952334      1.0220396664583011
Cr     1    5789.524004264603     1.0160140108283426
Si     1    5794.678983613339     1.0238242850155774
Fe     1    5808.334937855258     1.0192706633020303
Fe     1    5810.828105047002     1.020056496627182
Fe     1    5853.842217745841     1.0268894716719887
Ca     1    5859.074618420989     1.0172563809916009
Fe     1    5861.214191182892     1.0167083007662259
Fe     1    5863.984932920292     1.019179231357018
Ti     1    5868.077328493994     1.0
Ca     1    5869.1883259238175    1.0
Ca     1    5869.196328066112     1.0
Fe     1    6483.660928685685     1.0
Ca     1    6495.575329443239     1.0133645036224617
Fe     1    6496.775051753972     1.0103110410304112
Fe     1    6500.734015360068     1.0081763382106719
Fe     2    6517.876921161999     1.0186398481879348
Fe     1    6520.16663637006      1.0084079476762495
Fe     1    6548.046527753324     1.019448075792291
Ni     1    6588.128999672801     1.022214962949747
Fe     1    6594.73337474588      1.016178006017293
Fe     1    6595.690732061377     1.0215107832131565
Fe     1    6599.381424044337     1.0227606892223486
Sc     2    6606.425117291336     1.0219043874287148
Fe     1    6610.935029524423     1.01233588626343
Fe     1    6629.374086067407     1.0225284892401756
Ni     1    6645.484617017192     1.0191134080764217
Fe     1    6679.82895072668      1.0194742781916026
Al     1    6697.87170219246      1.018071790265077
Al     1    6700.522414966865     1.0016910617810584
Fe     1    6705.416731065437     1.0180545568530734
Cr     1    6723.703748749681     1.018510585689117
Fe     1    6727.2123923259205    1.0
Fe     1    6735.0089891072275    1.0
Si     1    7682.383915272238     1.004820806742884
Mg     1    7693.666959557328     1.0056940423701302
K      1    7701.083260605108     1.006014061241989
Fe     1    7712.487037622347     1.0066199705742767
Fe     2    7713.842803447365     1.0068671518291945
Ni     1    7717.714448136995     1.0073109126619078
Fe     1    7750.401268486927     0.9950473973338134
Ni     1    7751.022436112898     0.991233458778771
Fe     1    7753.243035357763     1.0097969351954006
O      1    7774.082659254023     1.011684565217434
O      1    7776.305259075406     1.012656166724934
O      1    7777.52758895167      1.0123084180454527
Ni     1    7791.07324465637      1.0111952169652862
Ni     1    7799.72557981853      1.0102284455475457
Rb     1    7802.205249061444     1.0125109078407144
Al     1    7837.464765789455     1.0097811777082029
Al     1    7838.289988531767     1.0109611382228127
Si     1    7852.143727973151     1.0149650348762866
UL     3    4723.47               1.0214170693524875
UL     3    4745.74               1.019218085038178
UL     3    4749.47               1.0233193227638737
UL     3    4765.26               1.0078219233008423
UL     3    4774.16               1.0145494659409482
UL     3    4791.0                0.9898540132285266
UL     3    4808.33               1.0234980161671792
UL     3    4814.84               0.994800304002484
UL     3    4819.16               1.014863900337493
UL     3    4825.5                1.0120484590118133
UL     3    4830.74               0.9840533431221106
UL     3    4834.09               1.0128237327266154
UL     3    4840.91               1.010737571634179
UL     3    4849.61               1.0195669582241003
UL     3    4852.85               1.025178995256292
UL     3    5655.46               1.0
UL     3    5677.0                1.0140073661164863
UL     3    5693.09               1.017056734249512
UL     3    5695.25               1.0154548971742732
UL     3    5707.59               1.0145685134752007
UL     3    5708.68               1.0140293590523393
UL     3    5716.69               1.0158447605109924
UL     3    5719.45               1.015628371557317
UL     3    5753.66               1.0204300860670055
UL     3    5792.62               1.0215977708967954
UL     3    6501.47               1.0121048308605438
UL     3    6571.05               1.014144502951781
UL     3    6576.88               1.0250986375729774
UL     3    6706.96               1.0162392048361393
UL     3    6728.57               1.0
UL     3    7716.42               1.0072945997318608
UL     3    7725.34               1.0030788246477709
UL     3    7729.78               1.007535941447973
UL     3    7744.87               1.0100682363022484
UL     3    7782.75               1.012293869284818
UL     3    7810.04               1.011720207550282
UL     3    7834.36               1.0127738398208976
