#elem  ion  wave                  correction(aperture/stacked)
La     2    4717.759567724955     1.0
Mg     1    4731.351766619823     1.0006362369840436
Fe     1    4734.916110486742     1.0143188759279873
Mn     1    4740.415566878147     1.0206415108635196
Fe     1    4742.8552129917925    1.0165690280431763
Fe     1    4747.1273444713015    1.019634271422984
Ti     1    4759.448408090701     1.0456388295178036
Ti     1    4760.600613316287     1.0420574091741117
Mn     1    4762.837505895204     1.0265166312209528
Ti     2    4765.857005824366     1.0149041544869666
Fe     1    4780.775258460967     1.0188914696338587
V      1    4785.804091043368     1.0
Fe     1    4789.165481822721     1.0320435661096121
Fe     1    4790.095328242028     1.017722830878154
Cr     1    4790.673881566418     0.9748246684736958
Ti     2    4799.872619512944     1.008355462884289
Cr     1    4802.366680566258     0.9758155543210434
Fe     1    4804.222172380227     1.0101459088306897
Fe     1    4809.491669170637     0.9849356909763355
Zn     1    4811.881502677758     1.0253805501296631
Ti     1    4821.756520598129     1.0189533304803242
Ni     1    4832.529977081299     1.0196782716870116
Sm     2    4838.011430590429     1.0
Ti     1    4842.232549968105     1.0166615078938221
Fe     1    4845.367381317484     1.0097628795536835
Cr     2    4849.590501330725     1.0189953920210322
Ti     2    4850.522548526964     0.9962997410960618
Y      2    4856.217358959939     1.0064856446080375
Ti     2    4866.969511046126     1.0278322096084345
Ni     1    4867.629286068777     1.0232752355238721
Ti     2    4875.370739800553     0.9972826564503421
Fe     1    4877.238835417714     0.9973574206383231
Fe     1    4883.50749861639      1.004169892936076
Y      2    4885.046006832402     1.0152150127660802
Cr     2    4885.974153103399     1.0013873901583565
Fe     1    4892.120884126167     1.0136750217266297
Fe     1    4892.858079747847     1.0162985825482702
Fe     1    5653.03740205537      1.0
Fe     1    5653.886328981642     1.0
Sc     2    5659.466220575779     1.0015354286716553
Fe     1    5664.0875559795395    0.9947818284484181
Si     1    5667.126768463639     1.016278310082743
Sc     2    5668.721694848641     0.9752020538054301
Fe     1    5669.090793523595     0.9992868487833536
Sc     2    5670.628204538431     1.014334931967359
Fe     1    5680.598770204794     1.0117122123741544
Na     1    5684.210135764635     1.0029675566685612
Na     1    5689.783325901822     1.0129053781721518
Si     1    5692.003919652215     1.0138417260531556
Fe     1    5703.126093684245     1.0026731678650636
Mg     1    5712.67244653875      1.0165511607445978
Fe     1    5733.351777140469     1.0094022326848509
Mo     1    5753.003233598317     1.0
Fe     1    5754.725694364557     1.0069338929704945
Ni     1    5756.266106436666     1.0147486947159796
Si     1    5773.7487834999965    1.020246453250181
Fe     1    5776.682068284723     1.0190923687252254
Cr     1    5785.46991952334      1.0212099712909983
Cr     1    5789.524004264603     1.0154983685197376
Si     1    5794.678983613339     1.0229013995421345
Fe     1    5808.334937855258     1.0187043655028436
Fe     1    5810.828105047002     1.019443812445191
Fe     1    5853.842217745841     1.0257036042018808
Ca     1    5859.074618420989     1.0163015441907344
Fe     1    5861.214191182892     1.0159067192577982
Fe     1    5863.984932920292     1.0181064780225382
Ti     1    5868.077328493994     1.0
Ca     1    5869.1883259238175    1.0
Ca     1    5869.196328066112     1.0
Fe     1    6483.660928685685     1.0
Ca     1    6495.575329443239     1.011069431707802
Fe     1    6496.775051753972     1.008512232199556
Fe     1    6500.734015360068     1.0064525131452113
Fe     2    6517.876921161999     1.0142821538776974
Fe     1    6520.16663637006      1.0068045627408269
Fe     1    6548.046527753324     1.0153734668082717
Ni     1    6588.128999672801     1.0187184993373921
Fe     1    6594.73337474588      1.0142573067634244
Fe     1    6595.690732061377     1.0186442993101634
Fe     1    6599.381424044337     1.0199490255234314
Sc     2    6606.425117291336     1.0196599515148292
Fe     1    6610.935029524423     1.011464959892015
Fe     1    6629.374086067407     1.021003877284931
Ni     1    6645.484617017192     1.0181316740863184
Fe     1    6679.82895072668      1.0185268818159814
Al     1    6697.87170219246      1.0167906203271118
Al     1    6700.522414966865     1.0019250989640056
Fe     1    6705.416731065437     1.0168395422689522
Cr     1    6723.703748749681     1.0166011728688926
Fe     1    6727.2123923259205    1.0
Fe     1    6735.0089891072275    1.0
Si     1    7682.383915272238     1.002605211590692
Mg     1    7693.666959557328     1.0034479718410316
K      1    7701.083260605108     1.003913612296302
Fe     1    7712.487037622347     1.004682883819146
Fe     2    7713.842803447365     1.004899109695165
Ni     1    7717.714448136995     1.0053161401069932
Fe     1    7750.401268486927     0.9961779718658552
Ni     1    7751.022436112898     0.9930834805600347
Fe     1    7753.243035357763     1.0082033739697602
O      1    7774.082659254023     1.0099462360606808
O      1    7776.305259075406     1.010789357706663
O      1    7777.52758895167      1.0104701182496005
Ni     1    7791.07324465637      1.0099606413850095
Ni     1    7799.72557981853      1.0091526846313315
Rb     1    7802.205249061444     1.0110489901679856
Al     1    7837.464765789455     1.0084828817882132
Al     1    7838.289988531767     1.0097741745568132
Si     1    7852.143727973151     1.0135790508270761
UL     3    4723.47               1.0215451662402526
UL     3    4745.74               1.0188848339584295
UL     3    4749.47               1.0228332491338712
UL     3    4765.26               1.007633868734292
UL     3    4774.16               1.0142262540884135
UL     3    4791.0                0.9906958368324854
UL     3    4808.33               1.0225813842599891
UL     3    4814.84               0.9953549550381684
UL     3    4819.16               1.0142080232959838
UL     3    4825.5                1.0115845452893015
UL     3    4830.74               0.985174016317334
UL     3    4834.09               1.012355291289292
UL     3    4840.91               1.0104737123331713
UL     3    4849.61               1.0189952855782352
UL     3    4852.85               1.0243757144536985
UL     3    5655.46               1.0
UL     3    5677.0                1.012294479132705
UL     3    5693.09               1.0149360318213747
UL     3    5695.25               1.0137272205107646
UL     3    5707.59               1.0127505159134458
UL     3    5708.68               1.0124768106498694
UL     3    5716.69               1.0142418017877712
UL     3    5719.45               1.0140761713713629
UL     3    5753.66               1.0192338451481795
UL     3    5792.62               1.0207899644480931
UL     3    6501.47               1.0097103759738935
UL     3    6571.05               1.0118553644071482
UL     3    6576.88               1.0207434725883555
UL     3    6706.96               1.015091962259994
UL     3    6728.57               1.0
UL     3    7716.42               1.005217949553781
UL     3    7725.34               1.0024219720143612
UL     3    7729.78               1.0058521766009747
UL     3    7744.87               1.0081648643385488
UL     3    7782.75               1.0107378228573545
UL     3    7810.04               1.0105652920701589
UL     3    7834.36               1.0115340994643067
