#elem  ion  wave                  correction(aperture/stacked)
La     2    4717.759567724955     1.0
Mg     1    4731.351766619823     1.0009043804898408
Fe     1    4734.916110486742     1.0129213532434396
Mn     1    4740.415566878147     1.0189404633811787
Fe     1    4742.8552129917925    1.015356283815757
Fe     1    4747.1273444713015    1.018537139806163
Ti     1    4759.448408090701     1.0444944081625882
Ti     1    4760.600613316287     1.041128276820966
Mn     1    4762.837505895204     1.0259667601738964
Ti     2    4765.857005824366     1.0146329977488866
Fe     1    4780.775258460967     1.0188540730687952
V      1    4785.804091043368     1.0
Fe     1    4789.165481822721     1.0320872984005283
Fe     1    4790.095328242028     1.0177523736927143
Cr     1    4790.673881566418     0.974755706628498
Ti     2    4799.872619512944     1.0083684311856416
Cr     1    4802.366680566258     0.9757730353565593
Fe     1    4804.222172380227     1.010159999365369
Fe     1    4809.491669170637     0.9849720138807552
Zn     1    4811.881502677758     1.0253025647910792
Ti     1    4821.756520598129     1.0187205837802757
Ni     1    4832.529977081299     1.0191315187371854
Sm     2    4838.011430590429     1.0
Ti     1    4842.232549968105     1.0160608992029494
Fe     1    4845.367381317484     1.0094810613207506
Cr     2    4849.590501330725     1.0180604650363876
Ti     2    4850.522548526964     0.9968177434257514
Y      2    4856.217358959939     1.0061596837258795
Ti     2    4866.969511046126     1.0261652696077197
Ni     1    4867.629286068777     1.0218958827808513
Ti     2    4875.370739800553     0.997837598168184
Fe     1    4877.238835417714     0.9977090607294569
Fe     1    4883.50749861639      1.003939968219566
Y      2    4885.046006832402     1.013909794752771
Cr     2    4885.974153103399     1.000444032468034
Fe     1    4892.120884126167     1.0128671419279451
Fe     1    4892.858079747847     1.0152876976712506
Fe     1    5653.03740205537      1.0
Fe     1    5653.886328981642     1.0
Sc     2    5659.466220575779     1.0015354774765264
Fe     1    5664.0875559795395    0.9946298102809434
Si     1    5667.126768463639     1.0166233276064702
Sc     2    5668.721694848641     0.9744201866847501
Fe     1    5669.090793523595     0.9991845948077317
Sc     2    5670.628204538431     1.0147388452184853
Fe     1    5680.598770204794     1.0122529373485276
Na     1    5684.210135764635     1.0030402793986573
Na     1    5689.783325901822     1.0136561138938276
Si     1    5692.003919652215     1.01465269680313
Fe     1    5703.126093684245     1.0026579479284135
Mg     1    5712.67244653875      1.0176781250184475
Fe     1    5733.351777140469     1.009836985251472
Mo     1    5753.003233598317     1.0
Fe     1    5754.725694364557     1.0071181893375138
Ni     1    5756.266106436666     1.0152778159287692
Si     1    5773.7487834999965    1.020880537380775
Fe     1    5776.682068284723     1.019591554873369
Cr     1    5785.46991952334      1.021745119079707
Cr     1    5789.524004264603     1.0158336730374626
Si     1    5794.678983613339     1.0235300984110713
Fe     1    5808.334937855258     1.019113492791923
Fe     1    5810.828105047002     1.019890207224696
Fe     1    5853.842217745841     1.0267580418221058
Ca     1    5859.074618420989     1.0171695873684645
Fe     1    5861.214191182892     1.0166446112061776
Fe     1    5863.984932920292     1.0191059646774416
Ti     1    5868.077328493994     1.0
Ca     1    5869.1883259238175    1.0
Ca     1    5869.196328066112     1.0
Fe     1    6483.660928685685     1.0
Ca     1    6495.575329443239     1.0121662004770346
Fe     1    6496.775051753972     1.009380388289864
Fe     1    6500.734015360068     1.0072950543171029
Fe     2    6517.876921161999     1.0164966604866783
Fe     1    6520.16663637006      1.0076594539810741
Fe     1    6548.046527753324     1.017424863404454
Ni     1    6588.128999672801     1.0202471376423066
Fe     1    6594.73337474588      1.0150741709872662
Fe     1    6595.690732061377     1.0197689471883917
Fe     1    6599.381424044337     1.0210981050279209
Sc     2    6606.425117291336     1.0205273154299181
Fe     1    6610.935029524423     1.0117954594662464
Fe     1    6629.374086067407     1.0214355726053068
Ni     1    6645.484617017192     1.0183159759323344
Fe     1    6679.82895072668      1.018675632104778
Al     1    6697.87170219246      1.0171848156020347
Al     1    6700.522414966865     1.0018513238044182
Fe     1    6705.416731065437     1.0172873015389234
Cr     1    6723.703748749681     1.0175121083134107
Fe     1    6727.2123923259205    1.0
Fe     1    6735.0089891072275    1.0
Si     1    7682.383915272238     1.0024755853876302
Mg     1    7693.666959557328     1.0033008790266702
K      1    7701.083260605108     1.003792003793082
Fe     1    7712.487037622347     1.0046310522314887
Fe     2    7713.842803447365     1.0048562726501769
Ni     1    7717.714448136995     1.0053061421653142
Fe     1    7750.401268486927     0.9959512642143539
Ni     1    7751.022436112898     0.9926949154392117
Fe     1    7753.243035357763     1.0085948142396983
O      1    7774.082659254023     1.0106547346161914
O      1    7776.305259075406     1.0115823099715482
O      1    7777.52758895167      1.011281277725015
Ni     1    7791.07324465637      1.0106148827005148
Ni     1    7799.72557981853      1.009787438913258
Rb     1    7802.205249061444     1.0119130626287687
Al     1    7837.464765789455     1.0093378414288463
Al     1    7838.289988531767     1.0105559907074935
Si     1    7852.143727973151     1.014459419990957
UL     3    4723.47               1.0180779703310063
UL     3    4745.74               1.0177186991984617
UL     3    4749.47               1.0216412802187778
UL     3    4765.26               1.0075522729491682
UL     3    4774.16               1.0141530904578124
UL     3    4791.0                0.9906600896895119
UL     3    4808.33               1.022559655811454
UL     3    4814.84               0.9954176605657974
UL     3    4819.16               1.0140734012808268
UL     3    4825.5                1.011414140426713
UL     3    4830.74               0.9857370921751605
UL     3    4834.09               1.0120483759825094
UL     3    4840.91               1.010175436530833
UL     3    4849.61               1.0180603626746074
UL     3    4852.85               1.02277962185229
UL     3    5655.46               1.0
UL     3    5677.0                1.0128164476788954
UL     3    5693.09               1.0158586318321772
UL     3    5695.25               1.0145126148547567
UL     3    5707.59               1.0136689222418667
UL     3    5708.68               1.013271896792868
UL     3    5716.69               1.0150981478763348
UL     3    5719.45               1.0149331815494853
UL     3    5753.66               1.0199731395219842
UL     3    5792.62               1.0213373198081377
UL     3    6501.47               1.0108913991759534
UL     3    6571.05               1.0129438957871617
UL     3    6576.88               1.022770020131925
UL     3    6706.96               1.015527799527162
UL     3    6728.57               1.0
UL     3    7716.42               1.0051955279532832
UL     3    7725.34               1.0024453159999815
UL     3    7729.78               1.0059562234846398
UL     3    7744.87               1.0084866474723846
UL     3    7782.75               1.0114806616569827
UL     3    7810.04               1.0112827455107658
UL     3    7834.36               1.0123529888496023
