#elem  ion  wave                  correction(aperture/stacked)
La     2    4717.759567724955     1.0
Mg     1    4731.351766619823     1.0006652434891996
Fe     1    4734.916110486742     1.014244082253247
Mn     1    4740.415566878147     1.0206765482227897
Fe     1    4742.8552129917925    1.0166434700296654
Fe     1    4747.1273444713015    1.0197960158610366
Ti     1    4759.448408090701     1.0463941994769421
Ti     1    4760.600613316287     1.0427534357391142
Mn     1    4762.837505895204     1.02691426881825
Ti     2    4765.857005824366     1.015284014550836
Fe     1    4780.775258460967     1.0192223337784967
V      1    4785.804091043368     1.0
Fe     1    4789.165481822721     1.0326895563507088
Fe     1    4790.095328242028     1.0180938380911329
Cr     1    4790.673881566418     0.9740204033440901
Ti     2    4799.872619512944     1.0084866955774983
Cr     1    4802.366680566258     0.9752953857127277
Fe     1    4804.222172380227     1.010473380674
Fe     1    4809.491669170637     0.9847006072619461
Zn     1    4811.881502677758     1.025611563356172
Ti     1    4821.756520598129     1.0189724029885132
Ni     1    4832.529977081299     1.019438047397331
Sm     2    4838.011430590429     1.0
Ti     1    4842.232549968105     1.016325118159543
Fe     1    4845.367381317484     1.0095805396858848
Cr     2    4849.590501330725     1.0183771031263285
Ti     2    4850.522548526964     0.996640202798746
Y      2    4856.217358959939     1.006260972415602
Ti     2    4866.969511046126     1.026686741731982
Ni     1    4867.629286068777     1.0223243123868502
Ti     2    4875.370739800553     0.9977004960296809
Fe     1    4877.238835417714     0.9976209453673915
Fe     1    4883.50749861639      1.0039915511962298
Y      2    4885.046006832402     1.0142201816998944
Cr     2    4885.974153103399     1.0006644979676995
Fe     1    4892.120884126167     1.0130412939731899
Fe     1    4892.858079747847     1.0155032450826527
Fe     1    5653.03740205537      1.0
Fe     1    5653.886328981642     1.0
Sc     2    5659.466220575779     1.0015381222724697
Fe     1    5664.0875559795395    0.9942258873269932
Si     1    5667.126768463639     1.0172880882386266
Sc     2    5668.721694848641     0.9730650704776679
Fe     1    5669.090793523595     0.9990032966780814
Sc     2    5670.628204538431     1.0153352083849785
Fe     1    5680.598770204794     1.0127456290399777
Na     1    5684.210135764635     1.003078525461086
Na     1    5689.783325901822     1.0141006238652672
Si     1    5692.003919652215     1.0150990396857194
Fe     1    5703.126093684245     1.0026533517582148
Mg     1    5712.67244653875      1.0181113570449727
Fe     1    5733.351777140469     1.0099861454799415
Mo     1    5753.003233598317     1.0
Fe     1    5754.725694364557     1.0071808928505441
Ni     1    5756.266106436666     1.01547682010981
Si     1    5773.7487834999965    1.0211047310258994
Fe     1    5776.682068284723     1.0197603959292236
Cr     1    5785.46991952334      1.0219134438371191
Cr     1    5789.524004264603     1.0159438262626244
Si     1    5794.678983613339     1.0236839126373876
Fe     1    5808.334937855258     1.0191588170491284
Fe     1    5810.828105047002     1.0199276891825968
Fe     1    5853.842217745841     1.026317365289365
Ca     1    5859.074618420989     1.0167835545799455
Fe     1    5861.214191182892     1.0162935324899187
Fe     1    5863.984932920292     1.0186093792943574
Ti     1    5868.077328493994     1.0
Ca     1    5869.1883259238175    1.0
Ca     1    5869.196328066112     1.0
Fe     1    6483.660928685685     1.0
Ca     1    6495.575329443239     1.013993487425106
Fe     1    6496.775051753972     1.0107732242544447
Fe     1    6500.734015360068     1.0085562965991084
Fe     2    6517.876921161999     1.0191287842864993
Fe     1    6520.16663637006      1.0085603433757502
Fe     1    6548.046527753324     1.019608521708038
Ni     1    6588.128999672801     1.0223662159674682
Fe     1    6594.73337474588      1.0162358132814329
Fe     1    6595.690732061377     1.0216017266209496
Fe     1    6599.381424044337     1.0228567122854761
Sc     2    6606.425117291336     1.0219936629711064
Fe     1    6610.935029524423     1.0123712804464646
Fe     1    6629.374086067407     1.0226617731526977
Ni     1    6645.484617017192     1.0192177531351152
Fe     1    6679.82895072668      1.0195219405191032
Al     1    6697.87170219246      1.0180097051247414
Al     1    6700.522414966865     1.0017081361140758
Fe     1    6705.416731065437     1.0179604617562958
Cr     1    6723.703748749681     1.0182781944584474
Fe     1    6727.2123923259205    1.0
Fe     1    6735.0089891072275    1.0
Si     1    7682.383915272238     1.0038570060201735
Mg     1    7693.666959557328     1.0046328299727612
K      1    7701.083260605108     1.0049895523697694
Fe     1    7712.487037622347     1.0056667206527912
Fe     2    7713.842803447365     1.0058995391031247
Ni     1    7717.714448136995     1.0063272251467457
Fe     1    7750.401268486927     0.9955123046284902
Ni     1    7751.022436112898     0.9919838250091687
Fe     1    7753.243035357763     1.0091824146143633
O      1    7774.082659254023     1.0111927409068497
O      1    7776.305259075406     1.0121469461683965
O      1    7777.52758895167      1.0118176565040473
Ni     1    7791.07324465637      1.0109420119298513
Ni     1    7799.72557981853      1.0100394057898037
Rb     1    7802.205249061444     1.01225056340021
Al     1    7837.464765789455     1.0095967815456401
Al     1    7838.289988531767     1.0107931619276285
Si     1    7852.143727973151     1.0147273362193816
UL     3    4723.47               1.0210030919232151
UL     3    4745.74               1.019021087893576
UL     3    4749.47               1.0230815014978911
UL     3    4765.26               1.0077527011736385
UL     3    4774.16               1.0144244891464083
UL     3    4791.0                0.9902926956201314
UL     3    4808.33               1.022820342194268
UL     3    4814.84               0.9952680383965974
UL     3    4819.16               1.0142588661484224
UL     3    4825.5                1.011553960493003
UL     3    4830.74               0.9853953796114057
UL     3    4834.09               1.0122099295533988
UL     3    4840.91               1.0103200703033401
UL     3    4849.61               1.0183769993456615
UL     3    4852.85               1.0232867000907067
UL     3    5655.46               1.0
UL     3    5677.0                1.0133626675260843
UL     3    5693.09               1.016355398112286
UL     3    5695.25               1.0149003395473386
UL     3    5707.59               1.0140450528766898
UL     3    5708.68               1.0135856306039537
UL     3    5716.69               1.0154344015990948
UL     3    5719.45               1.015241752931185
UL     3    5753.66               1.0202426663857633
UL     3    5792.62               1.0214795082649901
UL     3    6501.47               1.0126038397399517
UL     3    6571.05               1.014201367679382
UL     3    6576.88               1.0252057502814846
UL     3    6706.96               1.0161438690995865
UL     3    6728.57               1.0
UL     3    7716.42               1.0062671822619416
UL     3    7725.34               1.0027646977940619
UL     3    7729.78               1.006750581909867
UL     3    7744.87               1.0092692374104386
UL     3    7782.75               1.0119074165505564
UL     3    7810.04               1.0115468166398645
UL     3    7834.36               1.0126042233720456
