#elem  ion  wave                  correction(aperture/stacked)
La     2    4717.759567724955     1.0
Mg     1    4731.351766619823     1.0006505657883553
Fe     1    4734.916110486742     1.0143022371108068
Mn     1    4740.415566878147     1.0207175205387804
Fe     1    4742.8552129917925    1.0166577705244446
Fe     1    4747.1273444713015    1.019775083562379
Ti     1    4759.448408090701     1.046017181557435
Ti     1    4760.600613316287     1.0424752062974487
Mn     1    4762.837505895204     1.0267137620767597
Ti     2    4765.857005824366     1.0150679960313311
Fe     1    4780.775258460967     1.0189093489572625
V      1    4785.804091043368     1.0
Fe     1    4789.165481822721     1.031860115626854
Fe     1    4790.095328242028     1.017600002047844
Cr     1    4790.673881566418     0.9751120628246464
Ti     2    4799.872619512944     1.0082295706426379
Cr     1    4802.366680566258     0.9765193119516373
Fe     1    4804.222172380227     1.0096635499539923
Fe     1    4809.491669170637     0.9855859573125105
Zn     1    4811.881502677758     1.024522390465942
Ti     1    4821.756520598129     1.017881181752278
Ni     1    4832.529977081299     1.0180155400933297
Sm     2    4838.011430590429     1.0
Ti     1    4842.232549968105     1.0152361301873518
Fe     1    4845.367381317484     1.009122744516295
Cr     2    4849.590501330725     1.0170260263369155
Ti     2    4850.522548526964     0.9973515225684189
Y      2    4856.217358959939     1.005846887152359
Ti     2    4866.969511046126     1.0249279196146803
Ni     1    4867.629286068777     1.0208828158343002
Ti     2    4875.370739800553     0.998136469853094
Fe     1    4877.238835417714     0.9979013357312347
Fe     1    4883.50749861639      1.003823174439511
Y      2    4885.046006832402     1.0132180898572045
Cr     2    4885.974153103399     0.9999598045144026
Fe     1    4892.120884126167     1.0124964684449083
Fe     1    4892.858079747847     1.0148319806324888
Fe     1    5653.03740205537      1.0
Fe     1    5653.886328981642     1.0
Sc     2    5659.466220575779     1.0015346997547572
Fe     1    5664.0875559795395    0.9945427824288426
Si     1    5667.126768463639     1.0166963197883003
Sc     2    5668.721694848641     0.9743565070766789
Fe     1    5669.090793523595     0.9991790947643868
Sc     2    5670.628204538431     1.0147214976516072
Fe     1    5680.598770204794     1.012016534667008
Na     1    5684.210135764635     1.003012252274059
Na     1    5689.783325901822     1.0132418149707605
Si     1    5692.003919652215     1.0141868882858667
Fe     1    5703.126093684245     1.0026716827064868
Mg     1    5712.67244653875      1.01686776407135
Fe     1    5733.351777140469     1.009500117286362
Mo     1    5753.003233598317     1.0
Fe     1    5754.725694364557     1.0069877432575831
Ni     1    5756.266106436666     1.0148777437363334
Si     1    5773.7487834999965    1.0204216669341806
Fe     1    5776.682068284723     1.019233781425655
Cr     1    5785.46991952334      1.0213783882967924
Cr     1    5789.524004264603     1.0156079668324978
Si     1    5794.678983613339     1.0231082095039328
Fe     1    5808.334937855258     1.0188467888378472
Fe     1    5810.828105047002     1.0196002662470425
Fe     1    5853.842217745841     1.0260197862998413
Ca     1    5859.074618420989     1.016550082242844
Fe     1    5861.214191182892     1.0161140274460487
Fe     1    5863.984932920292     1.0183780723612403
Ti     1    5868.077328493994     1.0
Ca     1    5869.1883259238175    1.0
Ca     1    5869.196328066112     1.0
Fe     1    6483.660928685685     1.0
Ca     1    6495.575329443239     1.0135779294137437
Fe     1    6496.775051753972     1.0104641437551032
Fe     1    6500.734015360068     1.00828903170653
Fe     2    6517.876921161999     1.0186311958711023
Fe     1    6520.16663637006      1.008395389059771
Fe     1    6548.046527753324     1.01913339732105
Ni     1    6588.128999672801     1.021494675744714
Fe     1    6594.73337474588      1.0157209825950506
Fe     1    6595.690732061377     1.0207945916773455
Fe     1    6599.381424044337     1.0220298543237702
Sc     2    6606.425117291336     1.0212281583677385
Fe     1    6610.935029524423     1.0120559970367915
Fe     1    6629.374086067407     1.021741036707461
Ni     1    6645.484617017192     1.0183535393997711
Fe     1    6679.82895072668      1.0184167754470734
Al     1    6697.87170219246      1.0169520761764956
Al     1    6700.522414966865     1.0018881203589955
Fe     1    6705.416731065437     1.0171433129878837
Cr     1    6723.703748749681     1.0175478683992338
Fe     1    6727.2123923259205    1.0
Fe     1    6735.0089891072275    1.0
Si     1    7682.383915272238     1.0038379396866655
Mg     1    7693.666959557328     1.0047166749147258
K      1    7701.083260605108     1.0050877401410128
Fe     1    7712.487037622347     1.0057260892919968
Fe     2    7713.842803447365     1.005951549826077
Ni     1    7717.714448136995     1.00634898076783
Fe     1    7750.401268486927     0.995805395125674
Ni     1    7751.022436112898     0.9924724610940792
Fe     1    7753.243035357763     1.0087346076808423
O      1    7774.082659254023     1.0102817052530433
O      1    7776.305259075406     1.0111257599585428
O      1    7777.52758895167      1.0107890276693947
Ni     1    7791.07324465637      1.0100917053942333
Ni     1    7799.72557981853      1.0092320709267806
Rb     1    7802.205249061444     1.0111439469486883
Al     1    7837.464765789455     1.0085591998432866
Al     1    7838.289988531767     1.0098487500165416
Si     1    7852.143727973151     1.0137120275096048
UL     3    4723.47               1.0211647129890598
UL     3    4745.74               1.0190128418446096
UL     3    4749.47               1.0230280513667012
UL     3    4765.26               1.007686255974186
UL     3    4774.16               1.0142750162250056
UL     3    4791.0                0.9908455524671356
UL     3    4808.33               1.0219913478776053
UL     3    4814.84               0.9958177276622832
UL     3    4819.16               1.0134875835782893
UL     3    4825.5                1.0109203662605228
UL     3    4830.74               0.9869008313514492
UL     3    4834.09               1.0114361544664308
UL     3    4840.91               1.0097540511190648
UL     3    4849.61               1.0170259287786239
UL     3    4852.85               1.0211791797303014
UL     3    5655.46               1.0
UL     3    5677.0                1.012647904185664
UL     3    5693.09               1.015315514032696
UL     3    5695.25               1.014043176642796
UL     3    5707.59               1.0130147640653424
UL     3    5708.68               1.0127022464362208
UL     3    5716.69               1.0144629613370855
UL     3    5719.45               1.0142864332081412
UL     3    5753.66               1.0194077721592532
UL     3    5792.62               1.0209672534190624
UL     3    6501.47               1.0122488901130509
UL     3    6571.05               1.013823578152325
UL     3    6576.88               1.0244237973807786
UL     3    6706.96               1.0154073157586676
UL     3    6728.57               1.0
UL     3    7716.42               1.006301435219288
UL     3    7725.34               1.0027446458747644
UL     3    7729.78               1.0066463160037744
UL     3    7744.87               1.008881879693108
UL     3    7782.75               1.0109616320764558
UL     3    7810.04               1.0106208389323046
UL     3    7834.36               1.0115932708475692
