#elem  ion  wave                  correction(aperture/stacked)
La     2    4717.759567724955     1.0
Mg     1    4731.351766619823     1.0006942976657351
Fe     1    4734.916110486742     1.01409117505157
Mn     1    4740.415566878147     1.020450139401564
Fe     1    4742.8552129917925    1.0164649698190045
Fe     1    4747.1273444713015    1.0196010285360757
Ti     1    4759.448408090701     1.0459697114429016
Ti     1    4760.600613316287     1.0424636697490453
Mn     1    4762.837505895204     1.0267412631415793
Ti     2    4765.857005824366     1.015138373321207
Fe     1    4780.775258460967     1.0191568128573731
V      1    4785.804091043368     1.0
Fe     1    4789.165481822721     1.0326197396492016
Fe     1    4790.095328242028     1.0180576569207038
Cr     1    4790.673881566418     0.9740940171086276
Ti     2    4799.872619512944     1.0084910354535126
Cr     1    4802.366680566258     0.9752508747360659
Fe     1    4804.222172380227     1.0105094673381658
Fe     1    4809.491669170637     0.9846326792065119
Zn     1    4811.881502677758     1.0257056952882209
Ti     1    4821.756520598129     1.0190995576406623
Ni     1    4832.529977081299     1.0196273897388763
Sm     2    4838.011430590429     1.0
Ti     1    4842.232549968105     1.0164625710716344
Fe     1    4845.367381317484     1.0096625175426028
Cr     2    4849.590501330725     1.0185723105694053
Ti     2    4850.522548526964     0.9965652021842094
Y      2    4856.217358959939     1.006313871778421
Ti     2    4866.969511046126     1.026787368055043
Ni     1    4867.629286068777     1.0224024969092211
Ti     2    4875.370739800553     0.9976965481040289
Fe     1    4877.238835417714     0.9976226040341334
Fe     1    4883.50749861639      1.0039811883117469
Y      2    4885.046006832402     1.0141427206947016
Cr     2    4885.974153103399     1.0006019712521856
Fe     1    4892.120884126167     1.012951535391712
Fe     1    4892.858079747847     1.0153846374677828
Fe     1    5653.03740205537      1.0
Fe     1    5653.886328981642     1.0
Sc     2    5659.466220575779     1.0015359860322357
Fe     1    5664.0875559795395    0.994156683925646
Si     1    5667.126768463639     1.017407130802195
Sc     2    5668.721694848641     0.9728277273115856
Fe     1    5669.090793523595     0.9989707204031272
Sc     2    5670.628204538431     1.015432440116068
Fe     1    5680.598770204794     1.0127925595262015
Na     1    5684.210135764635     1.0030807441901917
Na     1    5689.783325901822     1.0141025591294528
Si     1    5692.003919652215     1.0150896098104372
Fe     1    5703.126093684245     1.0026567653853948
Mg     1    5712.67244653875      1.0179839531917814
Fe     1    5733.351777140469     1.0099101098243164
Mo     1    5753.003233598317     1.0
Fe     1    5754.725694364557     1.0071432848715274
Ni     1    5756.266106436666     1.0153565270799894
Si     1    5773.7487834999965    1.020969816486375
Fe     1    5776.682068284723     1.0196597315206524
Cr     1    5785.46991952334      1.0218166191943026
Cr     1    5789.524004264603     1.0158904395013948
Si     1    5794.678983613339     1.0236010430548603
Fe     1    5808.334937855258     1.0191408046922712
Fe     1    5810.828105047002     1.019915579754013
Fe     1    5853.842217745841     1.0265519122318445
Ca     1    5859.074618420989     1.016992559314568
Fe     1    5861.214191182892     1.016489527648702
Fe     1    5863.984932920292     1.0188602103982751
Ti     1    5868.077328493994     1.0
Ca     1    5869.1883259238175    1.0
Ca     1    5869.196328066112     1.0
Fe     1    6483.660928685685     1.0
Ca     1    6495.575329443239     1.0137835732242217
Fe     1    6496.775051753972     1.0106189981494644
Fe     1    6500.734015360068     1.0084282083393434
Fe     2    6517.876921161999     1.0189260420107782
Fe     1    6520.16663637006      1.0085033745521874
Fe     1    6548.046527753324     1.0194631250555732
Ni     1    6588.128999672801     1.0220436900969572
Fe     1    6594.73337474588      1.016052000910642
Fe     1    6595.690732061377     1.021319096230433
Fe     1    6599.381424044337     1.0225886333691578
Sc     2    6606.425117291336     1.0217440205093775
Fe     1    6610.935029524423     1.0122721565048765
Fe     1    6629.374086067407     1.0223265345548493
Ni     1    6645.484617017192     1.0189145570960387
Fe     1    6679.82895072668      1.0191241003491978
Al     1    6697.87170219246      1.0176630753083002
Al     1    6700.522414966865     1.0017759108505873
Fe     1    6705.416731065437     1.0177120922675256
Cr     1    6723.703748749681     1.0181005382149964
Fe     1    6727.2123923259205    1.0
Fe     1    6735.0089891072275    1.0
Si     1    7682.383915272238     1.0038245500333176
Mg     1    7693.666959557328     1.0046939651632523
K      1    7701.083260605108     1.0050828032316872
Fe     1    7712.487037622347     1.0057747850042407
Fe     2    7713.842803447365     1.0060094749473394
Ni     1    7717.714448136995     1.00643567000906
Fe     1    7750.401268486927     0.9955465621343674
Ni     1    7751.022436112898     0.9920440448522193
Fe     1    7753.243035357763     1.0091179280724405
O      1    7774.082659254023     1.0109560148638828
O      1    7776.305259075406     1.0118738441790462
O      1    7777.52758895167      1.0115388990327527
Ni     1    7791.07324465637      1.0106733655566051
Ni     1    7799.72557981853      1.0097870896959311
Rb     1    7802.205249061444     1.0118950579866786
Al     1    7837.464765789455     1.0092293312659273
Al     1    7838.289988531767     1.0104579792917987
Si     1    7852.143727973151     1.0143643172980823
UL     3    4723.47               1.0207723997560083
UL     3    4745.74               1.0188250916440351
UL     3    4749.47               1.0228460607169532
UL     3    4765.26               1.0077058498676357
UL     3    4774.16               1.0143711266169948
UL     3    4791.0                0.9903282906783071
UL     3    4808.33               1.0228779404237254
UL     3    4814.84               0.9952118030560707
UL     3    4819.16               1.0143441080025841
UL     3    4825.5                1.0116317432756081
UL     3    4830.74               0.9851852220724582
UL     3    4834.09               1.012309706836187
UL     3    4840.91               1.0103877997018798
UL     3    4849.61               1.018572205967179
UL     3    4852.85               1.0236035966231498
UL     3    5655.46               1.0
UL     3    5677.0                1.0134302456034974
UL     3    5693.09               1.0163383138013993
UL     3    5695.25               1.0148770643596323
UL     3    5707.59               1.0139599133561974
UL     3    5708.68               1.0135102350680905
UL     3    5716.69               1.015324686416221
UL     3    5719.45               1.015125518960025
UL     3    5753.66               1.0200808780106403
UL     3    5792.62               1.0214014707488126
UL     3    6501.47               1.0124353886508237
UL     3    6571.05               1.0140890863924785
UL     3    6576.88               1.0249629043666992
UL     3    6706.96               1.015922508399924
UL     3    6728.57               1.0
UL     3    7716.42               1.006381417335946
UL     3    7725.34               1.002794712199858
UL     3    7729.78               1.0068136706380564
UL     3    7744.87               1.009254423160509
UL     3    7782.75               1.0116379295909286
UL     3    7810.04               1.0112318425047622
UL     3    7834.36               1.0122489289130485
