#elem  ion  wave                  correction(aperture/stacked)
La     2    4717.759567724955     1.0
Mg     1    4731.351766619823     1.0006358365172392
Fe     1    4734.916110486742     1.0143319193701423
Mn     1    4740.415566878147     1.0206860339131842
Fe     1    4742.8552129917925    1.0166132752437764
Fe     1    4747.1273444713015    1.0196999628370373
Ti     1    4759.448408090701     1.045861654697343
Ti     1    4760.600613316287     1.04225973279308
Mn     1    4762.837505895204     1.0266488314846922
Ti     2    4765.857005824366     1.015031417766908
Fe     1    4780.775258460967     1.0190221639437456
V      1    4785.804091043368     1.0
Fe     1    4789.165481822721     1.0323412484977605
Fe     1    4790.095328242028     1.0178975695894235
Cr     1    4790.673881566418     0.9744429204746661
Ti     2    4799.872619512944     1.0084430271431475
Cr     1    4802.366680566258     0.9754594577644623
Fe     1    4804.222172380227     1.010367287296989
Fe     1    4809.491669170637     0.9846989839048023
Zn     1    4811.881502677758     1.0256597420705444
Ti     1    4821.756520598129     1.01919520403727
Ni     1    4832.529977081299     1.0199606107777657
Sm     2    4838.011430590429     1.0
Ti     1    4842.232549968105     1.016845757253082
Fe     1    4845.367381317484     1.0098319389849881
Cr     2    4849.590501330725     1.019219388717062
Ti     2    4850.522548526964     0.9961620302250139
Y      2    4856.217358959939     1.0065481455294234
Ti     2    4866.969511046126     1.0280735919932968
Ni     1    4867.629286068777     1.023472347961293
Ti     2    4875.370739800553     0.9972121794996553
Fe     1    4877.238835417714     0.9973157243143308
Fe     1    4883.50749861639      1.0041972367301428
Y      2    4885.046006832402     1.0153848544404451
Cr     2    4885.974153103399     1.0014897997990329
Fe     1    4892.120884126167     1.0137551521438648
Fe     1    4892.858079747847     1.01639902968002
Fe     1    5653.03740205537      1.0
Fe     1    5653.886328981642     1.0
Sc     2    5659.466220575779     1.0015348088307043
Fe     1    5664.0875559795395    0.9945654635685309
Si     1    5667.126768463639     1.0166441399178061
Sc     2    5668.721694848641     0.9744788428589025
Fe     1    5669.090793523595     0.9991955122498168
Sc     2    5670.628204538431     1.0146566536174337
Fe     1    5680.598770204794     1.0119006131881725
Na     1    5684.210135764635     1.002987774597232
Na     1    5689.783325901822     1.0130505479457672
Si     1    5692.003919652215     1.0139692949774313
Fe     1    5703.126093684245     1.0026731670512765
Mg     1    5712.67244653875      1.016452222078153
Fe     1    5733.351777140469     1.0092982194715896
Mo     1    5753.003233598317     1.0
Fe     1    5754.725694364557     1.0068791214476638
Ni     1    5756.266106436666     1.0145740678029442
Si     1    5773.7487834999965    1.0201050509108427
Fe     1    5776.682068284723     1.0189934676217591
Cr     1    5785.46991952334      1.0211536441968043
Cr     1    5789.524004264603     1.015481362549599
Si     1    5794.678983613339     1.0229195723458127
Fe     1    5808.334937855258     1.0188108382202732
Fe     1    5810.828105047002     1.0195799130723358
Fe     1    5853.842217745841     1.0266259127054302
Ca     1    5859.074618420989     1.0171053940389891
Fe     1    5861.214191182892     1.016598108124579
Fe     1    5863.984932920292     1.0190518763452352
Ti     1    5868.077328493994     1.0
Ca     1    5869.1883259238175    1.0
Ca     1    5869.196328066112     1.0
Fe     1    6483.660928685685     1.0
Ca     1    6495.575329443239     1.0113715300516646
Fe     1    6496.775051753972     1.0087740510308743
Fe     1    6500.734015360068     1.0067679643592007
Fe     2    6517.876921161999     1.0155022463343748
Fe     1    6520.16663637006      1.0073062546323241
Fe     1    6548.046527753324     1.0167652383346073
Ni     1    6588.128999672801     1.0198719283453366
Fe     1    6594.73337474588      1.0148843258069045
Fe     1    6595.690732061377     1.0194938651473735
Fe     1    6599.381424044337     1.0208331326291273
Sc     2    6606.425117291336     1.020333109063768
Fe     1    6610.935029524423     1.0117244056779466
Fe     1    6629.374086067407     1.0213498582464215
Ni     1    6645.484617017192     1.0182805783732325
Fe     1    6679.82895072668      1.0186121548499545
Al     1    6697.87170219246      1.0170327326850557
Al     1    6700.522414966865     1.0018801924362728
Fe     1    6705.416731065437     1.0171227162637373
Cr     1    6723.703748749681     1.017201405442698
Fe     1    6727.2123923259205    1.0
Fe     1    6735.0089891072275    1.0
Si     1    7682.383915272238     1.0020252557302427
Mg     1    7693.666959557328     1.002645563535602
K      1    7701.083260605108     1.0030502862923258
Fe     1    7712.487037622347     1.0037631205687418
Fe     2    7713.842803447365     1.0039528113672078
Ni     1    7717.714448136995     1.0043356710666012
Fe     1    7750.401268486927     0.9967214116102728
Ni     1    7751.022436112898     0.9940002643737695
Fe     1    7753.243035357763     1.007375248177879
O      1    7774.082659254023     1.0091472210435148
O      1    7776.305259075406     1.0099231968680171
O      1    7777.52758895167      1.0096156445684017
Ni     1    7791.07324465637      1.0094266932236873
Ni     1    7799.72557981853      1.0087298387052646
Rb     1    7802.205249061444     1.0104997252726555
Al     1    7837.464765789455     1.008059317499294
Al     1    7838.289988531767     1.009384933447566
Si     1    7852.143727973151     1.0130956541057643
UL     3    4723.47               1.0215078244625413
UL     3    4745.74               1.0189449405457143
UL     3    4749.47               1.022925083944594
UL     3    4765.26               1.0076730593239143
UL     3    4774.16               1.014298257204093
UL     3    4791.0                0.9905035173545478
UL     3    4808.33               1.0228039390426593
UL     3    4814.84               0.9952140111588723
UL     3    4819.16               1.0143856894259713
UL     3    4825.5                1.0117171722127012
UL     3    4830.74               0.9848483108283974
UL     3    4834.09               1.0124994882380947
UL     3    4840.91               1.0105634622064115
UL     3    4849.61               1.019219281319898
UL     3    4852.85               1.0247147230563247
UL     3    5655.46               1.0
UL     3    5677.0                1.012549416738702
UL     3    5693.09               1.0150656284643806
UL     3    5695.25               1.0138413294373674
UL     3    5707.59               1.0127155777555972
UL     3    5708.68               1.012437458026196
UL     3    5716.69               1.0141344009640876
UL     3    5719.45               1.0139522296863028
UL     3    5753.66               1.019014484911015
UL     3    5792.62               1.0207880064005215
UL     3    6501.47               1.0101658963833517
UL     3    6571.05               1.0126520761874238
UL     3    6576.88               1.0222428844981208
UL     3    6706.96               1.0153688319300798
UL     3    6728.57               1.0
UL     3    7716.42               1.0042143062671331
UL     3    7725.34               1.0020543638277484
UL     3    7729.78               1.0049557646054843
UL     3    7744.87               1.0071529250529083
UL     3    7782.75               1.0100560442150848
UL     3    7810.04               1.0101290096059388
UL     3    7834.36               1.0111298593999274
