#elem  ion  wave                  correction(aperture/stacked)
La     2    4717.759567724955     1.0
Mg     1    4731.351766619823     1.0006758335667711
Fe     1    4734.916110486742     1.0141234102671774
Mn     1    4740.415566878147     1.0203653812622884
Fe     1    4742.8552129917925    1.0163549040117583
Fe     1    4747.1273444713015    1.0194050940238888
Ti     1    4759.448408090701     1.0452318778943488
Ti     1    4760.600613316287     1.041705092209406
Mn     1    4762.837505895204     1.0262491691730746
Ti     2    4765.857005824366     1.0147657871755607
Fe     1    4780.775258460967     1.0187569751616088
V      1    4785.804091043368     1.0
Fe     1    4789.165481822721     1.0317502490861827
Fe     1    4790.095328242028     1.0175497784764238
Cr     1    4790.673881566418     0.9751994036687202
Ti     2    4799.872619512944     1.0082737118202718
Cr     1    4802.366680566258     0.9762303202493935
Fe     1    4804.222172380227     1.0098792789941313
Fe     1    4809.491669170637     0.9852564372549065
Zn     1    4811.881502677758     1.0249733309895948
Ti     1    4821.756520598129     1.0184727131648121
Ni     1    4832.529977081299     1.0188983022639329
Sm     2    4838.011430590429     1.0
Ti     1    4842.232549968105     1.0159158724698298
Fe     1    4845.367381317484     1.0094205948706048
Cr     2    4849.590501330725     1.0178736768831933
Ti     2    4850.522548526964     0.9969200798592676
Y      2    4856.217358959939     1.0060942758927938
Ti     2    4866.969511046126     1.0257560101555903
Ni     1    4867.629286068777     1.0215509143410704
Ti     2    4875.370739800553     0.9980000941341414
Fe     1    4877.238835417714     0.9978231663243681
Fe     1    4883.50749861639      1.0038506272403636
Y      2    4885.046006832402     1.013339266199343
Cr     2    4885.974153103399     1.0000241248944963
Fe     1    4892.120884126167     1.012435908611141
Fe     1    4892.858079747847     1.0147374255771497
Fe     1    5653.03740205537      1.0
Fe     1    5653.886328981642     1.0
Sc     2    5659.466220575779     1.0015354744584444
Fe     1    5664.0875559795395    0.9946942302778737
Si     1    5667.126768463639     1.0164339990806326
Sc     2    5668.721694848641     0.9748878235587932
Fe     1    5669.090793523595     0.9992473104050479
Sc     2    5670.628204538431     1.0144800637933646
Fe     1    5680.598770204794     1.011822158570858
Na     1    5684.210135764635     1.0029812297514693
Na     1    5689.783325901822     1.0130373731126145
Si     1    5692.003919652215     1.0139780337143536
Fe     1    5703.126093684245     1.0026728512280332
Mg     1    5712.67244653875      1.0167259527633445
Fe     1    5733.351777140469     1.009470456010656
Mo     1    5753.003233598317     1.0
Fe     1    5754.725694364557     1.0069811448564534
Ni     1    5756.266106436666     1.0148585371540275
Si     1    5773.7487834999965    1.0204017384277306
Fe     1    5776.682068284723     1.019217520895262
Cr     1    5785.46991952334      1.0213564688222592
Cr     1    5789.524004264603     1.0155924793937445
Si     1    5794.678983613339     1.0230750420262
Fe     1    5808.334937855258     1.0188147749047176
Fe     1    5810.828105047002     1.0195628765828222
Fe     1    5853.842217745841     1.0258374514049213
Ca     1    5859.074618420989     1.016391560940245
Fe     1    5861.214191182892     1.0159766101985124
Fe     1    5863.984932920292     1.0181878307198136
Ti     1    5868.077328493994     1.0
Ca     1    5869.1883259238175    1.0
Ca     1    5869.196328066112     1.0
Fe     1    6483.660928685685     1.0
Ca     1    6495.575329443239     1.0134789113284397
Fe     1    6496.775051753972     1.010388652949645
Fe     1    6500.734015360068     1.0082199028033714
Fe     2    6517.876921161999     1.0185017969186576
Fe     1    6520.16663637006      1.0083542522447468
Fe     1    6548.046527753324     1.019049793147744
Ni     1    6588.128999672801     1.0214300448041835
Fe     1    6594.73337474588      1.0156853955105798
Fe     1    6595.690732061377     1.0207375078869634
Fe     1    6599.381424044337     1.021973730588465
Sc     2    6606.425117291336     1.0211806553303524
Fe     1    6610.935029524423     1.012037277242959
Fe     1    6629.374086067407     1.0216953142448857
Ni     1    6645.484617017192     1.0183138783578949
Fe     1    6679.82895072668      1.0183681000314155
Al     1    6697.87170219246      1.0169032909950535
Al     1    6700.522414966865     1.0018961545269882
Fe     1    6705.416731065437     1.0171039781308147
Cr     1    6723.703748749681     1.0175056377969331
Fe     1    6727.2123923259205    1.0
Fe     1    6735.0089891072275    1.0
Si     1    7682.383915272238     1.003605357656016
Mg     1    7693.666959557328     1.004446291250387
K      1    7701.083260605108     1.0048380486014628
Fe     1    7712.487037622347     1.0054742473293417
Fe     2    7713.842803447365     1.0056956208396695
Ni     1    7717.714448136995     1.0061042462572198
Fe     1    7750.401268486927     0.9959268977833335
Ni     1    7751.022436112898     0.9926700102671441
Fe     1    7753.243035357763     1.0085687190224875
O      1    7774.082659254023     1.0101364436077893
O      1    7776.305259075406     1.0109742532301493
O      1    7777.52758895167      1.0106421745156555
Ni     1    7791.07324465637      1.0100103179488795
Ni     1    7799.72557981853      1.009169934003839
Rb     1    7802.205249061444     1.0110642248301487
Al     1    7837.464765789455     1.008504495703225
Al     1    7838.289988531767     1.0097961346189197
Si     1    7852.143727973151     1.0136612352994574
UL     3    4723.47               1.0212060137536751
UL     3    4745.74               1.0186531643075938
UL     3    4749.47               1.0225593530164452
UL     3    4765.26               1.0075829487044532
UL     3    4774.16               1.014143209511868
UL     3    4791.0                0.9908841281316343
UL     3    4808.33               1.0222859576015397
UL     3    4814.84               0.9955726168243384
UL     3    4819.16               1.0138837330056996
UL     3    4825.5                1.011285917124681
UL     3    4830.74               0.986006728314162
UL     3    4834.09               1.0119296144170675
UL     3    4840.91               1.0101015253356558
UL     3    4849.61               1.017873575370109
UL     3    4852.85               1.022472543311818
UL     3    5655.46               1.0
UL     3    5677.0                1.012417791086888
UL     3    5693.09               1.0150881095511086
UL     3    5695.25               1.0138797264160393
UL     3    5707.59               1.01288085829061
UL     3    5708.68               1.0125897613288706
UL     3    5716.69               1.0143651218669985
UL     3    5719.45               1.014197842064931
UL     3    5753.66               1.0193798058552264
UL     3    5792.62               1.0209402483865537
UL     3    6501.47               1.0121560329151986
UL     3    6571.05               1.0137822385420947
UL     3    6576.88               1.0243287513509445
UL     3    6706.96               1.0153715041111426
UL     3    6728.57               1.0
UL     3    7716.42               1.0060467627643774
UL     3    7725.34               1.0026642847019596
UL     3    7729.78               1.0064287310605435
UL     3    7744.87               1.0086683861839105
UL     3    7782.75               1.0108470429123213
UL     3    7810.04               1.010563863715897
UL     3    7834.36               1.0115468204019382
