#elem  ion  wave                  correction(aperture/stacked)
La     2    4717.759567724955     1.0
Mg     1    4731.351766619823     1.0007863130233037
Fe     1    4734.916110486742     1.0134693986595908
Mn     1    4740.415566878147     1.019265691864419
Fe     1    4742.8552129917925    1.0154512721517746
Fe     1    4747.1273444713015    1.0183614066287021
Ti     1    4759.448408090701     1.0427597500441697
Ti     1    4760.600613316287     1.0395025958048463
Mn     1    4762.837505895204     1.0248526793014527
Ti     2    4765.857005824366     1.013848238676205
Fe     1    4780.775258460967     1.0176255781833472
V      1    4785.804091043368     1.0
Fe     1    4789.165481822721     1.029401676185212
Fe     1    4790.095328242028     1.016157902041077
Cr     1    4790.673881566418     0.9779722994125958
Ti     2    4799.872619512944     1.0077111665831406
Cr     1    4802.366680566258     0.9788041532444395
Fe     1    4804.222172380227     1.0082097368723686
Fe     1    4809.491669170637     0.986936366664508
Zn     1    4811.881502677758     1.0228736701850483
Ti     1    4821.756520598129     1.016493208092177
Ni     1    4832.529977081299     1.0167501225599371
Sm     2    4838.011430590429     1.0
Ti     1    4842.232549968105     1.0143370528066957
Fe     1    4845.367381317484     1.0087067591757366
Cr     2    4849.590501330725     1.0158988797510156
Ti     2    4850.522548526964     0.9978700547967928
Y      2    4856.217358959939     1.0054699818377044
Ti     2    4866.969511046126     1.0230559292917765
Ni     1    4867.629286068777     1.0193236361018478
Ti     2    4875.370739800553     0.9986519705479832
Fe     1    4877.238835417714     0.998272852296858
Fe     1    4883.50749861639      1.0035121392225959
Y      2    4885.046006832402     1.0113764710882378
Cr     2    4885.974153103399     0.9986761040227621
Fe     1    4892.120884126167     1.0112464061053386
Fe     1    4892.858079747847     1.0132704344987014
Fe     1    5653.03740205537      1.0
Fe     1    5653.886328981642     1.0
Sc     2    5659.466220575779     1.0015050708996867
Fe     1    5664.0875559795395    0.995672894286612
Si     1    5667.126768463639     1.0144842179761804
Sc     2    5668.721694848641     0.9786544451670384
Fe     1    5669.090793523595     0.9996660710727366
Sc     2    5670.628204538431     1.012643365738781
Fe     1    5680.598770204794     1.0102806425544382
Na     1    5684.210135764635     1.0027402923403137
Na     1    5689.783325901822     1.0110993902785115
Si     1    5692.003919652215     1.0119379514989992
Fe     1    5703.126093684245     1.0025786334212172
Mg     1    5712.67244653875      1.014287058536076
Fe     1    5733.351777140469     1.0084872329348211
Mo     1    5753.003233598317     1.0
Fe     1    5754.725694364557     1.0065245932336275
Ni     1    5756.266106436666     1.0135324938881418
Si     1    5773.7487834999965    1.0186736605284705
Fe     1    5776.682068284723     1.0178218482457093
Cr     1    5785.46991952334      1.019755933928823
Cr     1    5789.524004264603     1.0145386090953985
Si     1    5794.678983613339     1.0212187326134436
Fe     1    5808.334937855258     1.0175926477219779
Fe     1    5810.828105047002     1.018244478884853
Fe     1    5853.842217745841     1.023465973966253
Ca     1    5859.074618420989     1.0146116245211978
Fe     1    5861.214191182892     1.0144368786254838
Fe     1    5863.984932920292     1.0162303031289897
Ti     1    5868.077328493994     1.0
Ca     1    5869.1883259238175    1.0
Ca     1    5869.196328066112     1.0
Fe     1    6483.660928685685     1.0
Ca     1    6495.575329443239     1.0120688497155472
Fe     1    6496.775051753972     1.0092819335406447
Fe     1    6500.734015360068     1.0071397865075498
Fe     2    6517.876921161999     1.0156846277403042
Fe     1    6520.16663637006      1.007342373120972
Fe     1    6548.046527753324     1.0162330092686909
Ni     1    6588.128999672801     1.0186077537385825
Fe     1    6594.73337474588      1.0140593271612173
Fe     1    6595.690732061377     1.0183474176205196
Fe     1    6599.381424044337     1.019513054169865
Sc     2    6606.425117291336     1.0190667395395934
Fe     1    6610.935029524423     1.0111440422720293
Fe     1    6629.374086067407     1.0198492508384098
Ni     1    6645.484617017192     1.0168239285661058
Fe     1    6679.82895072668      1.0164129922417424
Al     1    6697.87170219246      1.014602886929682
Al     1    6700.522414966865     1.0021504526219667
Fe     1    6705.416731065437     1.0149818224124
Cr     1    6723.703748749681     1.0148501467806441
Fe     1    6727.2123923259205    1.0
Fe     1    6735.0089891072275    1.0
Si     1    7682.383915272238     1.001803230800708
Mg     1    7693.666959557328     1.0024197620526296
K      1    7701.083260605108     1.002798104781899
Fe     1    7712.487037622347     1.0034313792816658
Fe     2    7713.842803447365     1.0036004911861762
Ni     1    7717.714448136995     1.0039331303944357
Fe     1    7750.401268486927     0.9972212749776987
Ni     1    7751.022436112898     0.9948497134490497
Fe     1    7753.243035357763     1.0064941232117952
O      1    7774.082659254023     1.0079482910782251
O      1    7776.305259075406     1.0086144921882938
O      1    7777.52758895167      1.0083523743088734
Ni     1    7791.07324465637      1.008209591394941
Ni     1    7799.72557981853      1.007573980899602
Rb     1    7802.205249061444     1.0089945782923397
Al     1    7837.464765789455     1.0065615942931598
Al     1    7838.289988531767     1.0079939110553309
Si     1    7852.143727973151     1.0115041098399495
UL     3    4723.47               1.0203545611350733
UL     3    4745.74               1.0176339761537654
UL     3    4749.47               1.0212494327356012
UL     3    4765.26               1.007354378890984
UL     3    4774.16               1.0134489498179813
UL     3    4791.0                0.9922310314064345
UL     3    4808.33               1.0206243284888177
UL     3    4814.84               0.9964787791122494
UL     3    4819.16               1.0124623258703558
UL     3    4825.5                1.0101687271715794
UL     3    4830.74               0.9882407614533887
UL     3    4834.09               1.010751425821875
UL     3    4840.91               1.0092754980879992
UL     3    4849.61               1.015898787693123
UL     3    4852.85               1.0193837894101605
UL     3    5655.46               1.0
UL     3    5677.0                1.0107627426278591
UL     3    5693.09               1.0128176893572036
UL     3    5695.25               1.0119147347566155
UL     3    5707.59               1.0108958984744292
UL     3    5708.68               1.010828607485274
UL     3    5716.69               1.0124523892915696
UL     3    5719.45               1.0123523961656102
UL     3    5753.66               1.0176307423923578
UL     3    5792.62               1.0193243778478773
UL     3    6501.47               1.0106619622651083
UL     3    6571.05               1.0120694078478027
UL     3    6576.88               1.020981058153754
UL     3    6706.96               1.013411021538553
UL     3    6728.57               1.0
UL     3    7716.42               1.0038271235866778
UL     3    7725.34               1.0018573892011096
UL     3    7729.78               1.0044503499985689
UL     3    7744.87               1.0063019665754351
UL     3    7782.75               1.0086926614214249
UL     3    7810.04               1.0088267202992443
UL     3    7834.36               1.0096732031537474
