#elem  ion  wave                  correction(aperture/stacked)
La     2    4717.759567724955     1.0
Mg     1    4731.351766619823     1.0005654600487417
Fe     1    4734.916110486742     1.0146882986984924
Mn     1    4740.415566878147     1.0211751914445317
Fe     1    4742.8552129917925    1.017000608006529
Fe     1    4747.1273444713015    1.0201307441922312
Ti     1    4759.448408090701     1.0468039642643203
Ti     1    4760.600613316287     1.043096251967921
Mn     1    4762.837505895204     1.027113082786893
Ti     2    4765.857005824366     1.0154496457313247
Fe     1    4780.775258460967     1.0193424103253477
V      1    4785.804091043368     1.0
Fe     1    4789.165481822721     1.0329987906467795
Fe     1    4790.095328242028     1.0182780106367835
Cr     1    4790.673881566418     0.9736023377036328
Ti     2    4799.872619512944     1.0085870493936822
Cr     1    4802.366680566258     0.974747574237689
Fe     1    4804.222172380227     1.0108165013553723
Fe     1    4809.491669170637     0.9842803969362538
Zn     1    4811.881502677758     1.0261668238279122
Ti     1    4821.756520598129     1.0196111097727223
Ni     1    4832.529977081299     1.020440196293811
Sm     2    4838.011430590429     1.0
Ti     1    4842.232549968105     1.0171523235111104
Fe     1    4845.367381317484     1.0099437463512582
Cr     2    4849.590501330725     1.0195953744076902
Ti     2    4850.522548526964     0.9959233820860418
Y      2    4856.217358959939     1.0066531011433528
Ti     2    4866.969511046126     1.028490636564011
Ni     1    4867.629286068777     1.0238133640743534
Ti     2    4875.370739800553     0.997085566468055
Fe     1    4877.238835417714     0.9972399401697469
Fe     1    4883.50749861639      1.0042601928957093
Y      2    4885.046006832402     1.0156453862520034
Cr     2    4885.974153103399     1.001679611929911
Fe     1    4892.120884126167     1.0139032926956606
Fe     1    4892.858079747847     1.0165851313546228
Fe     1    5653.03740205537      1.0
Fe     1    5653.886328981642     1.0
Sc     2    5659.466220575779     1.0015187510470351
Fe     1    5664.0875559795395    0.9936726042844023
Si     1    5667.126768463639     1.0181898450625082
Sc     2    5668.721694848641     0.971205459858058
Fe     1    5669.090793523595     0.998749077446573
Sc     2    5670.628204538431     1.0161527353156852
Fe     1    5680.598770204794     1.0134162735040655
Na     1    5684.210135764635     1.003130943961838
Na     1    5689.783325901822     1.0146810632351513
Si     1    5692.003919652215     1.0156728092793132
Fe     1    5703.126093684245     1.0026271394406043
Mg     1    5712.67244653875      1.018489567786001
Fe     1    5733.351777140469     1.0100350695946079
Mo     1    5753.003233598317     1.0
Fe     1    5754.725694364557     1.0071794771538973
Ni     1    5756.266106436666     1.0154688621011334
Si     1    5773.7487834999965    1.0210718190698995
Fe     1    5776.682068284723     1.0197350918116341
Cr     1    5785.46991952334      1.021891559292251
Cr     1    5789.524004264603     1.015934137814055
Si     1    5794.678983613339     1.0236779331447683
Fe     1    5808.334937855258     1.0191837980311138
Fe     1    5810.828105047002     1.0199619952724193
Fe     1    5853.842217745841     1.0266851781653097
Ca     1    5859.074618420989     1.0170851103735594
Fe     1    5861.214191182892     1.0165673634087409
Fe     1    5863.984932920292     1.0189864973433904
Ti     1    5868.077328493994     1.0
Ca     1    5869.1883259238175    1.0
Ca     1    5869.196328066112     1.0
Fe     1    6483.660928685685     1.0
Ca     1    6495.575329443239     1.012545603588179
Fe     1    6496.775051753972     1.0097113381503064
Fe     1    6500.734015360068     1.007707454813663
Fe     2    6517.876921161999     1.0181321514796242
Fe     1    6520.16663637006      1.0082564502543265
Fe     1    6548.046527753324     1.0193163045198728
Ni     1    6588.128999672801     1.0220735548806212
Fe     1    6594.73337474588      1.0160644534982823
Fe     1    6595.690732061377     1.0213369867917517
Fe     1    6599.381424044337     1.0226004197108902
Sc     2    6606.425117291336     1.021740970668899
Fe     1    6610.935029524423     1.0122671827658907
Fe     1    6629.374086067407     1.0222702211222257
Ni     1    6645.484617017192     1.0188494765342333
Fe     1    6679.82895072668      1.0191665151438574
Al     1    6697.87170219246      1.0178970059956804
Al     1    6700.522414966865     1.001722285455351
Fe     1    6705.416731065437     1.0179767497223917
Cr     1    6723.703748749681     1.018619131329994
Fe     1    6727.2123923259205    1.0
Fe     1    6735.0089891072275    1.0
Si     1    7682.383915272238     1.0044717530085192
Mg     1    7693.666959557328     1.0053050931698537
K      1    7701.083260605108     1.005622779031935
Fe     1    7712.487037622347     1.0062383418140153
Fe     2    7713.842803447365     1.0064761203471217
Ni     1    7717.714448136995     1.006893963857828
Fe     1    7750.401268486927     0.9953193856073352
Ni     1    7751.022436112898     0.9916771557516144
Fe     1    7753.243035357763     1.0094357152429396
O      1    7774.082659254023     1.0113033165004333
O      1    7776.305259075406     1.0122519761445887
O      1    7777.52758895167      1.0119139824060133
Ni     1    7791.07324465637      1.010967239374277
Ni     1    7799.72557981853      1.0100537873684943
Rb     1    7802.205249061444     1.0122702736071294
Al     1    7837.464765789455     1.0097423965344428
Al     1    7838.289988531767     1.0109298463213356
Si     1    7852.143727973151     1.0150048692904996
UL     3    4723.47               1.0220665493580652
UL     3    4745.74               1.0193747444266723
UL     3    4749.47               1.0234553235582309
UL     3    4765.26               1.007805516171949
UL     3    4774.16               1.0144930948871804
UL     3    4791.0                0.9900787852910361
UL     3    4808.33               1.0232563473977936
UL     3    4814.84               0.9949546332534411
UL     3    4819.16               1.0146950274913027
UL     3    4825.5                1.0119414616335696
UL     3    4830.74               0.9842854645253555
UL     3    4834.09               1.0127413864679964
UL     3    4840.91               1.0107107952937906
UL     3    4849.61               1.019595265441115
UL     3    4852.85               1.0252859595157928
UL     3    5655.46               1.0
UL     3    5677.0                1.0141113007233111
UL     3    5693.09               1.0169871748028838
UL     3    5695.25               1.015385516287229
UL     3    5707.59               1.0144079291643393
UL     3    5708.68               1.0138771980919148
UL     3    5716.69               1.0156682232079388
UL     3    5719.45               1.0154473175297032
UL     3    5753.66               1.020239594829834
UL     3    5792.62               1.0214697161390653
UL     3    6501.47               1.01148150684786
UL     3    6571.05               1.0140912810139813
UL     3    6576.88               1.024984839205516
UL     3    6706.96               1.01618076406592
UL     3    6728.57               1.0
UL     3    7716.42               1.0068631621825281
UL     3    7725.34               1.002945431955169
UL     3    7729.78               1.0071701791498584
UL     3    7744.87               1.0096283708973877
UL     3    7782.75               1.0119649725076303
UL     3    7810.04               1.0115690729893845
UL     3    7834.36               1.0127222545791381
