#elem  ion  wave                  correction(aperture/stacked)
La     2    4717.759567724955     1.0
Mg     1    4731.351766619823     1.0007145901197945
Fe     1    4734.916110486742     1.013899121669484
Mn     1    4740.415566878147     1.0199529226853865
Fe     1    4742.8552129917925    1.016032505448772
Fe     1    4747.1273444713015    1.0190068363567006
Ti     1    4759.448408090701     1.0441698460265965
Ti     1    4760.600613316287     1.0407492233356173
Mn     1    4762.837505895204     1.025629163774765
Ti     2    4765.857005824366     1.0143338208476445
Fe     1    4780.775258460967     1.018143530180125
V      1    4785.804091043368     1.0
Fe     1    4789.165481822721     1.0303850281997509
Fe     1    4790.095328242028     1.0167375882983776
Cr     1    4790.673881566418     0.9768305327840726
Ti     2    4799.872619512944     1.0079258342734574
Cr     1    4802.366680566258     0.9778753259144902
Fe     1    4804.222172380227     1.008816263505064
Fe     1    4809.491669170637     0.986374564484933
Zn     1    4811.881502677758     1.0235985563944843
Ti     1    4821.756520598129     1.017081126619257
Ni     1    4832.529977081299     1.0173567894928042
Sm     2    4838.011430590429     1.0
Ti     1    4842.232549968105     1.0148070275441645
Fe     1    4845.367381317484     1.0089325219065708
Cr     2    4849.590501330725     1.016515764241314
Ti     2    4850.522548526964     0.9975932002059198
Y      2    4856.217358959939     1.0056836132067037
Ti     2    4866.969511046126     1.0241337290942831
Ni     1    4867.629286068777     1.0202215043145244
Ti     2    4875.370739800553     0.9983705072448578
Fe     1    4877.238835417714     0.9980676250791182
Fe     1    4883.50749861639      1.0036799268896703
Y      2    4885.046006832402     1.012388675498049
Cr     2    4885.974153103399     0.999382480712847
Fe     1    4892.120884126167     1.0119334464025391
Fe     1    4892.858079747847     1.014121920922044
Fe     1    5653.03740205537      1.0
Fe     1    5653.886328981642     1.0
Sc     2    5659.466220575779     1.0015350782959644
Fe     1    5664.0875559795395    0.9948768887595231
Si     1    5667.126768463639     1.0160838905547396
Sc     2    5668.721694848641     0.9756184479097726
Fe     1    5669.090793523595     0.9993390895132809
Sc     2    5670.628204538431     1.0141026043871906
Fe     1    5680.598770204794     1.0114792528266376
Na     1    5684.210135764635     1.0029333381118344
Na     1    5689.783325901822     1.0125343574370758
Si     1    5692.003919652215     1.0134348425795536
Fe     1    5703.126093684245     1.002654904542753
Mg     1    5712.67244653875      1.0158704089177555
Fe     1    5733.351777140469     1.0090785981825174
Mo     1    5753.003233598317     1.0
Fe     1    5754.725694364557     1.0067781619774945
Ni     1    5756.266106436666     1.0142575847485253
Si     1    5773.7487834999965    1.0196246686764254
Fe     1    5776.682068284723     1.0186086796933107
Cr     1    5785.46991952334      1.0206604126522278
Cr     1    5789.524004264603     1.0151465526168262
Si     1    5794.678983613339     1.0222957494015164
Fe     1    5808.334937855258     1.0183582362481685
Fe     1    5810.828105047002     1.0190774226305217
Fe     1    5853.842217745841     1.0253162861215748
Ca     1    5859.074618420989     1.016048131402627
Fe     1    5861.214191182892     1.0157024111934563
Fe     1    5863.984932920292     1.0178375234668515
Ti     1    5868.077328493994     1.0
Ca     1    5869.1883259238175    1.0
Ca     1    5869.196328066112     1.0
Fe     1    6483.660928685685     1.0
Ca     1    6495.575329443239     1.0119833757940901
Fe     1    6496.775051753972     1.0092368300392502
Fe     1    6500.734015360068     1.0071548357832731
Fe     2    6517.876921161999     1.016113760378273
Fe     1    6520.16663637006      1.007516404814071
Fe     1    6548.046527753324     1.016956360096682
Ni     1    6588.128999672801     1.019553833350212
Fe     1    6594.73337474588      1.0146571135233642
Fe     1    6595.690732061377     1.0191661988679344
Fe     1    6599.381424044337     1.0204236574527892
Sc     2    6606.425117291336     1.019893343841408
Fe     1    6610.935029524423     1.011516264143224
Fe     1    6629.374086067407     1.0206705942449272
Ni     1    6645.484617017192     1.0175365430723462
Fe     1    6679.82895072668      1.0174078026339257
Al     1    6697.87170219246      1.01571685459275
Al     1    6700.522414966865     1.0020547949078134
Fe     1    6705.416731065437     1.0160025698210595
Cr     1    6723.703748749681     1.016036897943746
Fe     1    6727.2123923259205    1.0
Fe     1    6735.0089891072275    1.0
Si     1    7682.383915272238     1.0023882164405844
Mg     1    7693.666959557328     1.003053188823942
K      1    7701.083260605108     1.003453971953107
Fe     1    7712.487037622347     1.0041055338305345
Fe     2    7713.842803447365     1.0042967250126456
Ni     1    7717.714448136995     1.0046773283566488
Fe     1    7750.401268486927     0.9966986924551948
Ni     1    7751.022436112898     0.9939536369260504
Fe     1    7753.243035357763     1.0073987757772462
O      1    7774.082659254023     1.008979119980135
O      1    7776.305259075406     1.0097239034040102
O      1    7777.52758895167      1.0094094556729687
Ni     1    7791.07324465637      1.0091683095226063
Ni     1    7799.72557981853      1.008445936635503
Rb     1    7802.205249061444     1.0101206363936164
Al     1    7837.464765789455     1.0076319879462212
Al     1    7838.289988531767     1.0089908063644064
Si     1    7852.143727973151     1.0126517645403872
UL     3    4723.47               1.0209292752325925
UL     3    4745.74               1.0182693715749758
UL     3    4749.47               1.0220454401806875
UL     3    4765.26               1.007482549656292
UL     3    4774.16               1.0137867126075253
UL     3    4791.0                0.991678855446712
UL     3    4808.33               1.0211997216051967
UL     3    4814.84               0.996214082064823
UL     3    4819.16               1.0128934145311048
UL     3    4825.5                1.0104950768333132
UL     3    4830.74               0.9876159009059686
UL     3    4834.09               1.0110864413944534
UL     3    4840.91               1.0095252554626823
UL     3    4849.61               1.0165156691406705
UL     3    4852.85               1.0203823445806566
UL     3    5655.46               1.0
UL     3    5677.0                1.0120655907917098
UL     3    5693.09               1.014470240761167
UL     3    5695.25               1.013322231022
UL     3    5707.59               1.0122260729372718
UL     3    5708.68               1.0120120338139196
UL     3    5716.69               1.0136732271144904
UL     3    5719.45               1.0135057229682043
UL     3    5753.66               1.018605712251262
UL     3    5792.62               1.0202563334038415
UL     3    6501.47               1.0106972021541307
UL     3    6571.05               1.012607458496928
UL     3    6576.88               1.0220683197203606
UL     3    6706.96               1.0143474471116989
UL     3    6728.57               1.0
UL     3    7716.42               1.0045582769210064
UL     3    7725.34               1.0021569255799412
UL     3    7729.78               1.0051750430079918
UL     3    7744.87               1.0072666332448654
UL     3    7782.75               1.009795626683456
UL     3    7810.04               1.0097934362780687
UL     3    7834.36               1.010722008914366
