#elem  ion  wave                  correction(aperture/stacked)
La     2    4717.759567724955     1.0
Mg     1    4731.351766619823     1.0007175510562019
Fe     1    4734.916110486742     1.013960296519368
Mn     1    4740.415566878147     1.020241413157725
Fe     1    4742.8552129917925    1.016293857107666
Fe     1    4747.1273444713015    1.0193999869278516
Ti     1    4759.448408090701     1.0455109694020186
Ti     1    4760.600613316287     1.0419696187669396
Mn     1    4762.837505895204     1.0264349599422278
Ti     2    4765.857005824366     1.0149090150858189
Fe     1    4780.775258460967     1.018975989363934
V      1    4785.804091043368     1.0
Fe     1    4789.165481822721     1.0322694081517518
Fe     1    4790.095328242028     1.0178565591919306
Cr     1    4790.673881566418     0.9745314595364997
Ti     2    4799.872619512944     1.0084273500067225
Cr     1    4802.366680566258     0.9755332251056927
Fe     1    4804.222172380227     1.0103170382246816
Fe     1    4809.491669170637     0.9847596929211857
Zn     1    4811.881502677758     1.0255837189502135
Ti     1    4821.756520598129     1.019109548820307
Ni     1    4832.529977081299     1.0198329646221345
Sm     2    4838.011430590429     1.0
Ti     1    4842.232549968105     1.0167496116082635
Fe     1    4845.367381317484     1.009794990331096
Cr     2    4849.590501330725     1.019096114340233
Ti     2    4850.522548526964     0.9962383801510525
Y      2    4856.217358959939     1.0065141071154102
Ti     2    4866.969511046126     1.0279650414332637
Ni     1    4867.629286068777     1.0233855238269667
Ti     2    4875.370739800553     0.9972314464966001
Fe     1    4877.238835417714     0.9973251541142107
Fe     1    4883.50749861639      1.0041971394354743
Y      2    4885.046006832402     1.0153933695043276
Cr     2    4885.974153103399     1.0015005889737274
Fe     1    4892.120884126167     1.0137886439366284
Fe     1    4892.858079747847     1.0164457435327447
Fe     1    5653.03740205537      1.0
Fe     1    5653.886328981642     1.0
Sc     2    5659.466220575779     1.0015406914225176
Fe     1    5664.0875559795395    0.9943926760215457
Si     1    5667.126768463639     1.0169686167781289
Sc     2    5668.721694848641     0.9737779197740806
Fe     1    5669.090793523595     0.9991020411304878
Sc     2    5670.628204538431     1.014992773422085
Fe     1    5680.598770204794     1.0123124364390925
Na     1    5684.210135764635     1.0030402706508332
Na     1    5689.783325901822     1.0135699128458528
Si     1    5692.003919652215     1.0145317485345908
Fe     1    5703.126093684245     1.0026653815977464
Mg     1    5712.67244653875      1.0172934902736934
Fe     1    5733.351777140469     1.009665771320681
Mo     1    5753.003233598317     1.0
Fe     1    5754.725694364557     1.0070476187510902
Ni     1    5756.266106436666     1.015059568127783
Si     1    5773.7487834999965    1.0206272283210107
Fe     1    5776.682068284723     1.0194092900948948
Cr     1    5785.46991952334      1.021550891728228
Cr     1    5789.524004264603     1.0157150262841381
Si     1    5794.678983613339     1.0233017161452191
Fe     1    5808.334937855258     1.0189825055014794
Fe     1    5810.828105047002     1.0197467229079404
Fe     1    5853.842217745841     1.0263155348957995
Ca     1    5859.074618420989     1.0168081412296581
Fe     1    5861.214191182892     1.016339440357391
Fe     1    5863.984932920292     1.0186608130518797
Ti     1    5868.077328493994     1.0
Ca     1    5869.1883259238175    1.0
Ca     1    5869.196328066112     1.0
Fe     1    6483.660928685685     1.0
Ca     1    6495.575329443239     1.0115373542676567
Fe     1    6496.775051753972     1.0088983822542332
Fe     1    6500.734015360068     1.0068711776585328
Fe     2    6517.876921161999     1.0156508428835709
Fe     1    6520.16663637006      1.0073587653771017
Fe     1    6548.046527753324     1.016830442258665
Ni     1    6588.128999672801     1.0199254396451236
Fe     1    6594.73337474588      1.0149180202722055
Fe     1    6595.690732061377     1.019541642320981
Fe     1    6599.381424044337     1.0208891192682459
Sc     2    6606.425117291336     1.0203883047760989
Fe     1    6610.935029524423     1.0117493324719449
Fe     1    6629.374086067407     1.0214301678374693
Ni     1    6645.484617017192     1.0183690798182026
Fe     1    6679.82895072668      1.0187741824306782
Al     1    6697.87170219246      1.017239446847523
Al     1    6700.522414966865     1.0018461716324187
Fe     1    6705.416731065437     1.0172897018205467
Cr     1    6723.703748749681     1.0174081411034022
Fe     1    6727.2123923259205    1.0
Fe     1    6735.0089891072275    1.0
Si     1    7682.383915272238     1.0033612193660875
Mg     1    7693.666959557328     1.0042513816540342
K      1    7701.083260605108     1.0047033895911643
Fe     1    7712.487037622347     1.0054347987651975
Fe     2    7713.842803447365     1.0056669551966615
Ni     1    7717.714448136995     1.006111673738845
Fe     1    7750.401268486927     0.9956991465182291
Ni     1    7751.022436112898     0.9922906948456188
Fe     1    7753.243035357763     1.0089154810875727
O      1    7774.082659254023     1.010770322989432
O      1    7776.305259075406     1.0116953997142677
O      1    7777.52758895167      1.011367164949235
Ni     1    7791.07324465637      1.0105925718779682
Ni     1    7799.72557981853      1.0097391720768272
Rb     1    7802.205249061444     1.0118392955671167
Al     1    7837.464765789455     1.0093198370871237
Al     1    7838.289988531767     1.010543438439338
Si     1    7852.143727973151     1.014541362425402
UL     3    4723.47               1.0205890852459805
UL     3    4745.74               1.0186280584003349
UL     3    4749.47               1.022592789861581
UL     3    4765.26               1.00763376286085
UL     3    4774.16               1.0142598020822995
UL     3    4791.0                0.9905478551521341
UL     3    4808.33               1.0227487180374422
UL     3    4814.84               0.9952558147516187
UL     3    4819.16               1.0143268672151553
UL     3    4825.5                1.0116657686802155
UL     3    4830.74               0.9849908796198688
UL     3    4834.09               1.0124324904407471
UL     3    4840.91               1.0105174319287122
UL     3    4849.61               1.0190960074665374
UL     3    4852.85               1.0245275566528125
UL     3    5655.46               1.0
UL     3    5677.0                1.012945427685163
UL     3    5693.09               1.0157054259545155
UL     3    5695.25               1.0143638013455976
UL     3    5707.59               1.013382582671029
UL     3    5708.68               1.013021823823643
UL     3    5716.69               1.0147865879196438
UL     3    5719.45               1.0146007906069585
UL     3    5753.66               1.0196744836440923
UL     3    5792.62               1.0211362587125155
UL     3    6501.47               1.0103159610527293
UL     3    6571.05               1.012681434528365
UL     3    6576.88               1.0223005381501107
UL     3    6706.96               1.0155230899907175
UL     3    6728.57               1.0
UL     3    7716.42               1.0060416087278157
UL     3    7725.34               1.002692700912929
UL     3    7729.78               1.0065443569461976
UL     3    7744.87               1.008992389905274
UL     3    7782.75               1.01150938073021
UL     3    7810.04               1.0112123159697737
UL     3    7834.36               1.0123217539891167
