#elem  ion  wave                  correction(aperture/stacked)
La     2    4717.759567724955     1.0
Mg     1    4731.351766619823     1.0006162697701462
Fe     1    4734.916110486742     1.0144131639384828
Mn     1    4740.415566878147     1.0207697434390328
Fe     1    4742.8552129917925    1.016665896107716
Fe     1    4747.1273444713015    1.0197317396562162
Ti     1    4759.448408090701     1.0457532074055962
Ti     1    4760.600613316287     1.0421492115755342
Mn     1    4762.837505895204     1.0265632178795687
Ti     2    4765.857005824366     1.0149325930634658
Fe     1    4780.775258460967     1.0188579084131797
V      1    4785.804091043368     1.0
Fe     1    4789.165481822721     1.031902780400764
Fe     1    4790.095328242028     1.017636205300771
Cr     1    4790.673881566418     0.9750177884370136
Ti     2    4799.872619512944     1.0083019691325668
Cr     1    4802.366680566258     0.9760944156425405
Fe     1    4804.222172380227     1.0099653346397364
Fe     1    4809.491669170637     0.9851522263851742
Zn     1    4811.881502677758     1.0251104657694723
Ti     1    4821.756520598129     1.0186747661316682
Ni     1    4832.529977081299     1.0193138538994548
Sm     2    4838.011430590429     1.0
Ti     1    4842.232549968105     1.0164035992797331
Fe     1    4845.367381317484     1.0096625169770241
Cr     2    4849.590501330725     1.0186757039323258
Ti     2    4850.522548526964     0.9964910060874386
Y      2    4856.217358959939     1.0063960873827928
Ti     2    4866.969511046126     1.0275110656891995
Ni     1    4867.629286068777     1.023014732123972
Ti     2    4875.370739800553     0.997370343310426
Fe     1    4877.238835417714     0.997404688477928
Fe     1    4883.50749861639      1.0041449061393248
Y      2    4885.046006832402     1.01509164922262
Cr     2    4885.974153103399     1.0013026546102322
Fe     1    4892.120884126167     1.0136301438253965
Fe     1    4892.858079747847     1.0162461250586152
Fe     1    5653.03740205537      1.0
Fe     1    5653.886328981642     1.0
Sc     2    5659.466220575779     1.0015348690793822
Fe     1    5664.0875559795395    0.9945859073108836
Si     1    5667.126768463639     1.0165941203096749
Sc     2    5668.721694848641     0.9745965746763919
Fe     1    5669.090793523595     0.9992112107829215
Sc     2    5670.628204538431     1.014594447799115
Fe     1    5680.598770204794     1.0118228006303096
Na     1    5684.210135764635     1.0029771252712334
Na     1    5689.783325901822     1.012931930871944
Si     1    5692.003919652215     1.013842517825244
Fe     1    5703.126093684245     1.0026728806943206
Mg     1    5712.67244653875      1.0163061029636562
Fe     1    5733.351777140469     1.0092599729510716
Mo     1    5753.003233598317     1.0
Fe     1    5754.725694364557     1.0068701700778908
Ni     1    5756.266106436666     1.0145489715075924
Si     1    5773.7487834999965    1.0200772557883837
Fe     1    5776.682068284723     1.0189695539147345
Cr     1    5785.46991952334      1.0211161691819242
Cr     1    5789.524004264603     1.0154528616686342
Si     1    5794.678983613339     1.0228541942180502
Fe     1    5808.334937855258     1.0187378651911365
Fe     1    5810.828105047002     1.01949318867023
Fe     1    5853.842217745841     1.0261606220967834
Ca     1    5859.074618420989     1.016701471937718
Fe     1    5861.214191182892     1.0162379108965385
Fe     1    5863.984932920292     1.0185562869100955
Ti     1    5868.077328493994     1.0
Ca     1    5869.1883259238175    1.0
Ca     1    5869.196328066112     1.0
Fe     1    6483.660928685685     1.0
Ca     1    6495.575329443239     1.010286977986291
Fe     1    6496.775051753972     1.0079673930360122
Fe     1    6500.734015360068     1.0061235431585704
Fe     2    6517.876921161999     1.0147133563017017
Fe     1    6520.16663637006      1.0070166993217238
Fe     1    6548.046527753324     1.0165651153167692
Ni     1    6588.128999672801     1.0198104645597326
Fe     1    6594.73337474588      1.0148379529427833
Fe     1    6595.690732061377     1.0194261586440156
Fe     1    6599.381424044337     1.0207442901802846
Sc     2    6606.425117291336     1.020225999823875
Fe     1    6610.935029524423     1.011670043785468
Fe     1    6629.374086067407     1.0211117635775726
Ni     1    6645.484617017192     1.017979199863225
Fe     1    6679.82895072668      1.0180164750441014
Al     1    6697.87170219246      1.016390932954715
Al     1    6700.522414966865     1.001980519320095
Fe     1    6705.416731065437     1.0165963801721807
Cr     1    6723.703748749681     1.0166898906549797
Fe     1    6727.2123923259205    1.0
Fe     1    6735.0089891072275    1.0
Si     1    7682.383915272238     1.0023710647925506
Mg     1    7693.666959557328     1.0031654097671912
K      1    7701.083260605108     1.0036355731073272
Fe     1    7712.487037622347     1.004376560294656
Fe     2    7713.842803447365     1.0045968216222807
Ni     1    7717.714448136995     1.0049986364516257
Fe     1    7750.401268486927     0.996411293148829
Ni     1    7751.022436112898     0.9934715683109383
Fe     1    7753.243035357763     1.007850152900093
O      1    7774.082659254023     1.0094930260831958
O      1    7776.305259075406     1.0103112838379797
O      1    7777.52758895167      1.009996025793912
Ni     1    7791.07324465637      1.0096035994457313
Ni     1    7799.72557981853      1.0088462508243814
Rb     1    7802.205249061444     1.0106400401550761
Al     1    7837.464765789455     1.0080987897664302
Al     1    7838.289988531767     1.009421255191145
Si     1    7852.143727973151     1.0131530823896355
UL     3    4723.47               1.0217111710341158
UL     3    4745.74               1.0189856996138928
UL     3    4749.47               1.0229445454114612
UL     3    4765.26               1.007642672410534
UL     3    4774.16               1.014221626771232
UL     3    4791.0                0.9907941958843317
UL     3    4808.33               1.0223813171235963
UL     3    4814.84               0.9954960140816895
UL     3    4819.16               1.014011591327985
UL     3    4825.5                1.0114234219881797
UL     3    4830.74               0.9855822361347963
UL     3    4834.09               1.0121648641185952
UL     3    4840.91               1.010347488209741
UL     3    4849.61               1.0186755988758045
UL     3    4852.85               1.0238912245705614
UL     3    5655.46               1.0
UL     3    5677.0                1.0124702674409385
UL     3    5693.09               1.014922150587663
UL     3    5695.25               1.0136928630528828
UL     3    5707.59               1.0125892465471378
UL     3    5708.68               1.0123285143270453
UL     3    5716.69               1.014027571939253
UL     3    5719.45               1.0138523182262364
UL     3    5753.66               1.018979399649989
UL     3    5792.62               1.0207362784026313
UL     3    6501.47               1.0092980741774311
UL     3    6571.05               1.0126139385011848
UL     3    6576.88               1.0221792642090313
UL     3    6706.96               1.014890300410225
UL     3    6728.57               1.0
UL     3    7716.42               1.0048929118910683
UL     3    7725.34               1.002291867830135
UL     3    7729.78               1.0055455698907818
UL     3    7744.87               1.0077713687842875
UL     3    7782.75               1.0103285919649487
UL     3    7810.04               1.010213924142662
UL     3    7834.36               1.0111683941579652
