#elem  ion  wave                  correction(aperture/stacked)
La     2    4717.759567724955     1.0
Mg     1    4731.351766619823     1.0006674995330958
Fe     1    4734.916110486742     1.0142525098759028
Mn     1    4740.415566878147     1.0207199535882063
Fe     1    4742.8552129917925    1.0166847361839835
Fe     1    4747.1273444713015    1.0198488501830039
Ti     1    4759.448408090701     1.0464681052508915
Ti     1    4760.600613316287     1.0428110926888263
Mn     1    4762.837505895204     1.026941353163096
Ti     2    4765.857005824366     1.0152954206749856
Fe     1    4780.775258460967     1.0191646240653331
V      1    4785.804091043368     1.0
Fe     1    4789.165481822721     1.0324767371778871
Fe     1    4790.095328242028     1.0179645715752266
Cr     1    4790.673881566418     0.9743136900656002
Ti     2    4799.872619512944     1.0084128569859467
Cr     1    4802.366680566258     0.9756785734054524
Fe     1    4804.222172380227     1.0101963311130377
Fe     1    4809.491669170637     0.9849879950579777
Zn     1    4811.881502677758     1.0252615171670545
Ti     1    4821.756520598129     1.0186453494363776
Ni     1    4832.529977081299     1.0190843758630506
Sm     2    4838.011430590429     1.0
Ti     1    4842.232549968105     1.0161122470269095
Fe     1    4845.367381317484     1.0095187646397727
Cr     2    4849.590501330725     1.0182502415943915
Ti     2    4850.522548526964     0.9967031351295456
Y      2    4856.217358959939     1.0062592249961821
Ti     2    4866.969511046126     1.026995590536366
Ni     1    4867.629286068777     1.0225944208085451
Ti     2    4875.370739800553     0.9975120638029454
Fe     1    4877.238835417714     0.9974880694945051
Fe     1    4883.50749861639      1.004105487627938
Y      2    4885.046006832402     1.0149028821287591
Cr     2    4885.974153103399     1.0011766020245088
Fe     1    4892.120884126167     1.013586322259174
Fe     1    4892.858079747847     1.016201740202666
Fe     1    5653.03740205537      1.0
Fe     1    5653.886328981642     1.0
Sc     2    5659.466220575779     1.001531539541449
Fe     1    5664.0875559795395    0.99399893794784
Si     1    5667.126768463639     1.0176892338837007
Sc     2    5668.721694848641     0.9722830213656471
Fe     1    5669.090793523595     0.9989080484641916
Sc     2    5670.628204538431     1.015675418545699
Fe     1    5680.598770204794     1.0130148457114545
Na     1    5684.210135764635     1.0030963836792262
Na     1    5689.783325901822     1.0143141578677397
Si     1    5692.003919652215     1.0153025333435688
Fe     1    5703.126093684245     1.002646721799999
Mg     1    5712.67244653875      1.0181638646679112
Fe     1    5733.351777140469     1.009946184271433
Mo     1    5753.003233598317     1.0
Fe     1    5754.725694364557     1.0071465127048866
Ni     1    5756.266106436666     1.0153641242285638
Si     1    5773.7487834999965    1.0209477841372807
Fe     1    5776.682068284723     1.0196391575163926
Cr     1    5785.46991952334      1.02178360106248
Cr     1    5789.524004264603     1.0158532023514257
Si     1    5794.678983613339     1.0235552103814034
Fe     1    5808.334937855258     1.0191099222694537
Fe     1    5810.828105047002     1.0198821701051626
Fe     1    5853.842217745841     1.0265598706400636
Ca     1    5859.074618420989     1.0170124432131613
Fe     1    5861.214191182892     1.0165105979804787
Fe     1    5863.984932920292     1.018897832840922
Ti     1    5868.077328493994     1.0
Ca     1    5869.1883259238175    1.0
Ca     1    5869.196328066112     1.0
Fe     1    6483.660928685685     1.0
Ca     1    6495.575329443239     1.0119854619558668
Fe     1    6496.775051753972     1.0092850649246
Fe     1    6500.734015360068     1.007326981612589
Fe     2    6517.876921161999     1.0173800043908388
Fe     1    6520.16663637006      1.0080108402994994
Fe     1    6548.046527753324     1.0187841259986188
Ni     1    6588.128999672801     1.021688817001328
Fe     1    6594.73337474588      1.0158695909716797
Fe     1    6595.690732061377     1.0210417802828422
Fe     1    6599.381424044337     1.0223086918677593
Sc     2    6606.425117291336     1.0215172552801872
Fe     1    6610.935029524423     1.012181171588195
Fe     1    6629.374086067407     1.0221648771507514
Ni     1    6645.484617017192     1.0188050655441934
Fe     1    6679.82895072668      1.0191319364915132
Al     1    6697.87170219246      1.0178015941640577
Al     1    6700.522414966865     1.0017442052560568
Fe     1    6705.416731065437     1.0178716848357572
Cr     1    6723.703748749681     1.0184092372351587
Fe     1    6727.2123923259205    1.0
Fe     1    6735.0089891072275    1.0
Si     1    7682.383915272238     1.0041304868954959
Mg     1    7693.666959557328     1.0049890225747389
K      1    7701.083260605108     1.0053380471608895
Fe     1    7712.487037622347     1.0059770547604285
Fe     2    7713.842803447365     1.0062104695779623
Ni     1    7717.714448136995     1.0066243976195046
Fe     1    7750.401268486927     0.9955043461307006
Ni     1    7751.022436112898     0.9919771479761484
Fe     1    7753.243035357763     1.0091690443312358
O      1    7774.082659254023     1.010995055454667
O      1    7776.305259075406     1.0119176540347217
O      1    7777.52758895167      1.0115833637106613
Ni     1    7791.07324465637      1.0107391751262877
Ni     1    7799.72557981853      1.009853308829958
Rb     1    7802.205249061444     1.0119957279596812
Al     1    7837.464765789455     1.0095248931035172
Al     1    7838.289988531767     1.0107340584530256
Si     1    7852.143727973151     1.0147982747193196
UL     3    4723.47               1.0208727269751847
UL     3    4745.74               1.0190722794805334
UL     3    4749.47               1.02314756983161
UL     3    4765.26               1.0077571513348815
UL     3    4774.16               1.0144092533587992
UL     3    4791.0                0.9904428757260159
UL     3    4808.33               1.0225546869808877
UL     3    4814.84               0.9954482452664907
UL     3    4819.16               1.0140212505460628
UL     3    4825.5                1.0113738671172292
UL     3    4830.74               0.985805133805227
UL     3    4834.09               1.012031239410745
UL     3    4840.91               1.0101939788234218
UL     3    4849.61               1.0182501383791684
UL     3    4852.85               1.0231755347030007
UL     3    5655.46               1.0
UL     3    5677.0                1.0136699625045398
UL     3    5693.09               1.016576155022526
UL     3    5695.25               1.015088677112365
UL     3    5707.59               1.0141273916684623
UL     3    5708.68               1.0136474749618596
UL     3    5716.69               1.0154479326515582
UL     3    5719.45               1.01523846977677
UL     3    5753.66               1.0200969837656544
UL     3    5792.62               1.0213629657580194
UL     3    6501.47               1.0109658901682728
UL     3    6571.05               1.0138196492159057
UL     3    6576.88               1.0245006773624625
UL     3    6706.96               1.016078352763852
UL     3    6728.57               1.0
UL     3    7716.42               1.0065829078957735
UL     3    7725.34               1.0028574311628304
UL     3    7729.78               1.0069340878148423
UL     3    7744.87               1.0093388499642744
UL     3    7782.75               1.0116826347628425
UL     3    7810.04               1.0113412462092455
UL     3    7834.36               1.0125013705595751
