#elem  ion  wave                  correction(aperture/stacked)
La     2    4717.759567724955     1.0
Mg     1    4731.351766619823     1.000600443028658
Fe     1    4734.916110486742     1.014506031589835
Mn     1    4740.415566878147     1.0209427377185334
Fe     1    4742.8552129917925    1.0168152937852792
Fe     1    4747.1273444713015    1.0199198865138626
Ti     1    4759.448408090701     1.046327594724313
Ti     1    4760.600613316287     1.0426740895129638
Mn     1    4762.837505895204     1.0268422125894237
Ti     2    4765.857005824366     1.015193284084544
Fe     1    4780.775258460967     1.0190950893847819
V      1    4785.804091043368     1.0
Fe     1    4789.165481822721     1.0324187423043012
Fe     1    4790.095328242028     1.0179378313134368
Cr     1    4790.673881566418     0.9743618247617661
Ti     2    4799.872619512944     1.008438095692766
Cr     1    4802.366680566258     0.9755030627531946
Fe     1    4804.222172380227     1.0103259569343261
Fe     1    4809.491669170637     0.9847764350200979
Zn     1    4811.881502677758     1.0255517098177311
Ti     1    4821.756520598129     1.0190456811939492
Ni     1    4832.529977081299     1.019724883086246
Sm     2    4838.011430590429     1.0
Ti     1    4842.232549968105     1.016663422102691
Fe     1    4845.367381317484     1.0097607693118218
Cr     2    4849.590501330725     1.0189788326853881
Ti     2    4850.522548526964     0.9963108626175875
Y      2    4856.217358959939     1.006478263393263
Ti     2    4866.969511046126     1.027805863764359
Ni     1    4867.629286068777     1.0232544827643102
Ti     2    4875.370739800553     0.9972840339672929
Fe     1    4877.238835417714     0.9973569095387189
Fe     1    4883.50749861639      1.0041740183926586
Y      2    4885.046006832402     1.015242515066868
Cr     2    4885.974153103399     1.00140905911079
Fe     1    4892.120884126167     1.0137089386745373
Fe     1    4892.858079747847     1.016344120323586
Fe     1    5653.03740205537      1.0
Fe     1    5653.886328981642     1.0
Sc     2    5659.466220575779     1.0015290860099717
Fe     1    5664.0875559795395    0.9939317275003673
Si     1    5667.126768463639     1.0177882980131228
Sc     2    5668.721694848641     0.9720788931143702
Fe     1    5669.090793523595     0.9988787333975944
Sc     2    5670.628204538431     1.0157800570825848
Fe     1    5680.598770204794     1.0130637656007833
Na     1    5684.210135764635     1.003098968249532
Na     1    5689.783325901822     1.0143347598297545
Si     1    5692.003919652215     1.0153165941281717
Fe     1    5703.126093684245     1.002647881843441
Mg     1    5712.67244653875      1.0181105245779456
Fe     1    5733.351777140469     1.0099096875912057
Mo     1    5753.003233598317     1.0
Fe     1    5754.725694364557     1.0071273056042367
Ni     1    5756.266106436666     1.015302872677167
Si     1    5773.7487834999965    1.0208731215627866
Fe     1    5776.682068284723     1.0195819309313723
Cr     1    5785.46991952334      1.0217229810729371
Cr     1    5789.524004264603     1.015817029113826
Si     1    5794.678983613339     1.0234929498681318
Fe     1    5808.334937855258     1.0190798939906254
Fe     1    5810.828105047002     1.0198513978397827
Fe     1    5853.842217745841     1.0265586746696322
Ca     1    5859.074618420989     1.0170143474354731
Fe     1    5861.214191182892     1.0165128306272186
Fe     1    5863.984932920292     1.0189017109651464
Ti     1    5868.077328493994     1.0
Ca     1    5869.1883259238175    1.0
Ca     1    5869.196328066112     1.0
Fe     1    6483.660928685685     1.0
Ca     1    6495.575329443239     1.0121083438348564
Fe     1    6496.775051753972     1.0093798855604013
Fe     1    6500.734015360068     1.007414653845865
Fe     2    6517.876921161999     1.0175826296926267
Fe     1    6520.16663637006      1.0080745305230647
Fe     1    6548.046527753324     1.0189213875366536
Ni     1    6588.128999672801     1.021757867843902
Fe     1    6594.73337474588      1.0159012181066798
Fe     1    6595.690732061377     1.0210881529881013
Fe     1    6599.381424044337     1.0223467694486905
Sc     2    6606.425117291336     1.0215361008332375
Fe     1    6610.935029524423     1.012184997310923
Fe     1    6629.374086067407     1.022139286801006
Ni     1    6645.484617017192     1.0187615599985822
Fe     1    6679.82895072668      1.0190613050403627
Al     1    6697.87170219246      1.0177481998815758
Al     1    6700.522414966865     1.0017540460984369
Fe     1    6705.416731065437     1.017839973561204
Cr     1    6723.703748749681     1.0184100485774448
Fe     1    6727.2123923259205    1.0
Fe     1    6735.0089891072275    1.0
Si     1    7682.383915272238     1.0040901025021942
Mg     1    7693.666959557328     1.0049826992664086
K      1    7701.083260605108     1.0053424946883978
Fe     1    7712.487037622347     1.0059805919410012
Fe     2    7713.842803447365     1.0062128327496607
Ni     1    7717.714448136995     1.0066216702786448
Fe     1    7750.401268486927     0.9955711202376483
Ni     1    7751.022436112898     0.9920881140042922
Fe     1    7753.243035357763     1.009068477651714
O      1    7774.082659254023     1.010779039077559
O      1    7776.305259075406     1.0116894205131535
O      1    7777.52758895167      1.0113533485394155
Ni     1    7791.07324465637      1.0105343555298516
Ni     1    7799.72557981853      1.0096723156282792
Rb     1    7802.205249061444     1.0117443041739
Al     1    7837.464765789455     1.0092739858532838
Al     1    7838.289988531767     1.0105041637702359
Si     1    7852.143727973151     1.01455307214616
UL     3    4723.47               1.0217657789720482
UL     3    4745.74               1.0191662636196044
UL     3    4749.47               1.023190436544083
UL     3    4765.26               1.0077254594404055
UL     3    4774.16               1.01435796845749
UL     3    4791.0                0.990464439614904
UL     3    4808.33               1.0227382085193082
UL     3    4814.84               0.9952789015079478
UL     3    4819.16               1.014286156188149
UL     3    4825.5                1.0116247323522016
UL     3    4830.74               0.9851096673387265
UL     3    4834.09               1.0123750506455054
UL     3    4840.91               1.0104762855705685
UL     3    4849.61               1.0189787263137042
UL     3    4852.85               1.024342076182547
UL     3    5655.46               1.0
UL     3    5677.0                1.013733715816968
UL     3    5693.09               1.0165880752044818
UL     3    5695.25               1.0150921164862239
UL     3    5707.59               1.0140953563819326
UL     3    5708.68               1.0136183233114042
UL     3    5716.69               1.0153997717227536
UL     3    5719.45               1.0151862404985608
UL     3    5753.66               1.020015212591927
UL     3    5792.62               1.0212934160146974
UL     3    6501.47               1.0110857154043753
UL     3    6571.05               1.0138804335567424
UL     3    6576.88               1.0246074693977203
UL     3    6706.96               1.0160516680993292
UL     3    6728.57               1.0
UL     3    7716.42               1.0065820801401815
UL     3    7725.34               1.0028514942654962
UL     3    7729.78               1.0069078654384085
UL     3    7744.87               1.0092540679170068
UL     3    7782.75               1.0114706808944418
UL     3    7810.04               1.0111316902798564
UL     3    7834.36               1.01226931687865
