#elem  ion  wave                  correction(aperture/stacked)
La     2    4717.759567724955     1.0
Mg     1    4731.351766619823     1.0006875905786805
Fe     1    4734.916110486742     1.014062251535885
Mn     1    4740.415566878147     1.0202742448565092
Fe     1    4742.8552129917925    1.0162822040455046
Fe     1    4747.1273444713015    1.0193231800688562
Ti     1    4759.448408090701     1.045062541892061
Ti     1    4760.600613316287     1.0415564933870776
Mn     1    4762.837505895204     1.0261569046209373
Ti     2    4765.857005824366     1.0146924779324518
Fe     1    4780.775258460967     1.0186980659624403
V      1    4785.804091043368     1.0
Fe     1    4789.165481822721     1.0316400345293009
Fe     1    4790.095328242028     1.01748618553899
Cr     1    4790.673881566418     0.9753337807173644
Ti     2    4799.872619512944     1.0082528730343598
Cr     1    4802.366680566258     0.9763226844186145
Fe     1    4804.222172380227     1.0098250916992697
Fe     1    4809.491669170637     0.985302360145864
Zn     1    4811.881502677758     1.0249245021290998
Ti     1    4821.756520598129     1.018453110585523
Ni     1    4832.529977081299     1.018908296144888
Sm     2    4838.011430590429     1.0
Ti     1    4842.232549968105     1.015945057548373
Fe     1    4845.367381317484     1.0094359241513104
Cr     2    4849.590501330725     1.0179308054714356
Ti     2    4850.522548526964     0.9968881064574161
Y      2    4856.217358959939     1.0061168556063367
Ti     2    4866.969511046126     1.0258808744630223
Ni     1    4867.629286068777     1.021654706475009
Ti     2    4875.370739800553     0.9979617483263953
Fe     1    4877.238835417714     0.9977976612597916
Fe     1    4883.50749861639      1.0038666812375274
Y      2    4885.046006832402     1.0134355861020232
Cr     2    4885.974153103399     1.0000918785996813
Fe     1    4892.120884126167     1.0124883441583052
Fe     1    4892.858079747847     1.0148013969603416
Fe     1    5653.03740205537      1.0
Fe     1    5653.886328981642     1.0
Sc     2    5659.466220575779     1.00153458085501
Fe     1    5664.0875559795395    0.9945275368371451
Si     1    5667.126768463639     1.0167241639924645
Sc     2    5668.721694848641     0.9742981647080311
Fe     1    5669.090793523595     0.9991714456166875
Sc     2    5670.628204538431     1.014748569290901
Fe     1    5680.598770204794     1.0120411940637495
Na     1    5684.210135764635     1.003014426561337
Na     1    5689.783325901822     1.0132613173148461
Si     1    5692.003919652215     1.0142051332822224
Fe     1    5703.126093684245     1.0026716234010444
Mg     1    5712.67244653875      1.0168585316695824
Fe     1    5733.351777140469     1.0094828153839046
Mo     1    5753.003233598317     1.0
Fe     1    5754.725694364557     1.0069641139465102
Ni     1    5756.266106436666     1.014838345898471
Si     1    5773.7487834999965    1.0203654224855707
Fe     1    5776.682068284723     1.019189106056623
Cr     1    5785.46991952334      1.021329141693029
Cr     1    5789.524004264603     1.0155776383087192
Si     1    5794.678983613339     1.0230555992962773
Fe     1    5808.334937855258     1.0188211553292439
Fe     1    5810.828105047002     1.0195744732481005
Fe     1    5853.842217745841     1.0260653498883665
Ca     1    5859.074618420989     1.0165968559624947
Fe     1    5861.214191182892     1.0161564819073536
Fe     1    5863.984932920292     1.0184403897526462
Ti     1    5868.077328493994     1.0
Ca     1    5869.1883259238175    1.0
Ca     1    5869.196328066112     1.0
Fe     1    6483.660928685685     1.0
Ca     1    6495.575329443239     1.0138156252454364
Fe     1    6496.775051753972     1.0106337525887397
Fe     1    6500.734015360068     1.0084150763465847
Fe     2    6517.876921161999     1.0187105895912913
Fe     1    6520.16663637006      1.0084157919972647
Fe     1    6548.046527753324     1.0191006921250005
Ni     1    6588.128999672801     1.0214975762842793
Fe     1    6594.73337474588      1.0157328829453178
Fe     1    6595.690732061377     1.0208164569821232
Fe     1    6599.381424044337     1.0220619535031341
Sc     2    6606.425117291336     1.0212738234088912
Fe     1    6610.935029524423     1.0120789057379453
Fe     1    6629.374086067407     1.0218480993053722
Ni     1    6645.484617017192     1.0184777774556115
Fe     1    6679.82895072668      1.0185928885331899
Al     1    6697.87170219246      1.0171031494770122
Al     1    6700.522414966865     1.0018636684968045
Fe     1    6705.416731065437     1.0172504532117483
Cr     1    6723.703748749681     1.0176168963470156
Fe     1    6727.2123923259205    1.0
Fe     1    6735.0089891072275    1.0
Si     1    7682.383915272238     1.0036951351887635
Mg     1    7693.666959557328     1.0044641767015607
K      1    7701.083260605108     1.0048261008218087
Fe     1    7712.487037622347     1.0054453754996502
Fe     2    7713.842803447365     1.005665974351568
Ni     1    7717.714448136995     1.006075581670965
Fe     1    7750.401268486927     0.9958810139415072
Ni     1    7751.022436112898     0.9925920263526095
Fe     1    7753.243035357763     1.0086450348953206
O      1    7774.082659254023     1.010320666198743
O      1    7776.305259075406     1.0111824696325722
O      1    7777.52758895167      1.0108527164402814
Ni     1    7791.07324465637      1.0101866894061973
Ni     1    7799.72557981853      1.009334820877686
Rb     1    7802.205249061444     1.0112869758899115
Al     1    7837.464765789455     1.0086545687141477
Al     1    7838.289988531767     1.0099332932894978
Si     1    7852.143727973151     1.0137409206861434
UL     3    4723.47               1.021102960500455
UL     3    4745.74               1.018571800426678
UL     3    4749.47               1.022458652322983
UL     3    4765.26               1.0075691324234641
UL     3    4774.16               1.0141053321589735
UL     3    4791.0                0.990950878319795
UL     3    4808.33               1.0222396092528643
UL     3    4814.84               0.9955925734149379
UL     3    4819.16               1.013864738435028
UL     3    4825.5                1.0112802795457798
UL     3    4830.74               0.9860019335410228
UL     3    4834.09               1.0119375463861677
UL     3    4840.91               1.010114813752176
UL     3    4849.61               1.0179307036978762
UL     3    4852.85               1.0225745404165159
UL     3    5655.46               1.0
UL     3    5677.0                1.0126748356781696
UL     3    5693.09               1.0153347878122256
UL     3    5695.25               1.0140569413193037
UL     3    5707.59               1.013014234525638
UL     3    5708.68               1.0127004859537643
UL     3    5716.69               1.0144505546505576
UL     3    5719.45               1.014270773458052
UL     3    5753.66               1.0193562481758898
UL     3    5792.62               1.0209204445468318
UL     3    6501.47               1.0124108588490857
UL     3    6571.05               1.0138060605039498
UL     3    6576.88               1.0243993780613556
UL     3    6706.96               1.0155017642591282
UL     3    6728.57               1.0
UL     3    7716.42               1.0060161890131585
UL     3    7725.34               1.0026583280903647
UL     3    7729.78               1.0064231396662562
UL     3    7744.87               1.0087193189006447
UL     3    7782.75               1.0110555811933675
UL     3    7810.04               1.0107442751028228
UL     3    7834.36               1.011706069253155
