#elem  ion  wave                  correction(aperture/stacked)
La     2    4717.759567724955     1.0
Mg     1    4731.351766619823     1.0007160456659907
Fe     1    4734.916110486742     1.0139601415343316
Mn     1    4740.415566878147     1.0202326894042615
Fe     1    4742.8552129917925    1.0162870367669943
Fe     1    4747.1273444713015    1.0193970154243843
Ti     1    4759.448408090701     1.0455858826846591
Ti     1    4760.600613316287     1.0420451537101223
Mn     1    4762.837505895204     1.0265467838201388
Ti     2    4765.857005824366     1.0149766007188292
Fe     1    4780.775258460967     1.01909584001518
V      1    4785.804091043368     1.0
Fe     1    4789.165481822721     1.0325915049761976
Fe     1    4790.095328242028     1.0180477308843667
Cr     1    4790.673881566418     0.9741063840154951
Ti     2    4799.872619512944     1.0085150356256896
Cr     1    4802.366680566258     0.9750964777418009
Fe     1    4804.222172380227     1.0106154511255463
Fe     1    4809.491669170637     0.9844741760004937
Zn     1    4811.881502677758     1.0259126987820568
Ti     1    4821.756520598129     1.0193459934843243
Ni     1    4832.529977081299     1.0199785662502965
Sm     2    4838.011430590429     1.0
Ti     1    4842.232549968105     1.016709823223946
Fe     1    4845.367381317484     1.0097576803522303
Cr     2    4849.590501330725     1.018866327558297
Ti     2    4850.522548526964     0.9963933394826086
Y      2    4856.217358959939     1.0063901086419105
Ti     2    4866.969511046126     1.0269796601265346
Ni     1    4867.629286068777     1.022553134167439
Ti     2    4875.370739800553     0.9976813167538622
Fe     1    4877.238835417714     0.9976196316220267
Fe     1    4883.50749861639      1.003968002612152
Y      2    4885.046006832402     1.0140398789171168
Cr     2    4885.974153103399     1.0005174277106288
Fe     1    4892.120884126167     1.0128234195932477
Fe     1    4892.858079747847     1.0152151572000507
Fe     1    5653.03740205537      1.0
Fe     1    5653.886328981642     1.0
Sc     2    5659.466220575779     1.0015415521143163
Fe     1    5664.0875559795395    0.9943968902308041
Si     1    5667.126768463639     1.0170182452873517
Sc     2    5668.721694848641     0.9736119189516625
Fe     1    5669.090793523595     0.9990775762747548
Sc     2    5670.628204538431     1.015100744450983
Fe     1    5680.598770204794     1.0125686025363227
Na     1    5684.210135764635     1.003065764809175
Na     1    5689.783325901822     1.0139490550818937
Si     1    5692.003919652215     1.0149478075602685
Fe     1    5703.126093684245     1.0026603914905254
Mg     1    5712.67244653875      1.0179440041162873
Fe     1    5733.351777140469     1.0099082598613036
Mo     1    5753.003233598317     1.0
Fe     1    5754.725694364557     1.0071384984979885
Ni     1    5756.266106436666     1.0153396872751344
Si     1    5773.7487834999965    1.0209251627212967
Fe     1    5776.682068284723     1.0196220086123646
Cr     1    5785.46991952334      1.0217653429305065
Cr     1    5789.524004264603     1.0158422089653132
Si     1    5794.678983613339     1.023536113711767
Fe     1    5808.334937855258     1.019101686390561
Fe     1    5810.828105047002     1.019874319023583
Fe     1    5853.842217745841     1.0266217184628779
Ca     1    5859.074618420989     1.0170731301162346
Fe     1    5861.214191182892     1.0165638684591534
Fe     1    5863.984932920292     1.018993369820722
Ti     1    5868.077328493994     1.0
Ca     1    5869.1883259238175    1.0
Ca     1    5869.196328066112     1.0
Fe     1    6483.660928685685     1.0
Ca     1    6495.575329443239     1.0138307234583148
Fe     1    6496.775051753972     1.0106353192586968
Fe     1    6500.734015360068     1.008389263068358
Fe     2    6517.876921161999     1.018483313865319
Fe     1    6520.16663637006      1.008337158666565
Fe     1    6548.046527753324     1.0188314571329313
Ni     1    6588.128999672801     1.0213767700385172
Fe     1    6594.73337474588      1.0156912967268379
Fe     1    6595.690732061377     1.020756385157314
Fe     1    6599.381424044337     1.0220282248208687
Sc     2    6606.425117291336     1.0212894596355455
Fe     1    6610.935029524423     1.0120968153193797
Fe     1    6629.374086067407     1.0220133584619877
Ni     1    6645.484617017192     1.0187118510774746
Fe     1    6679.82895072668      1.018925222676412
Al     1    6697.87170219246      1.0173850296759261
Al     1    6700.522414966865     1.0018317996802928
Fe     1    6705.416731065437     1.0174269087297123
Cr     1    6723.703748749681     1.0176623466582586
Fe     1    6727.2123923259205    1.0
Fe     1    6735.0089891072275    1.0
Si     1    7682.383915272238     1.00382137971795
Mg     1    7693.666959557328     1.004683488124464
K      1    7701.083260605108     1.0050767139772434
Fe     1    7712.487037622347     1.0057856752714327
Fe     2    7713.842803447365     1.0060233127696498
Ni     1    7717.714448136995     1.0064590362904418
Fe     1    7750.401268486927     0.9954587906687331
Ni     1    7751.022436112898     0.9918991783211977
Fe     1    7753.243035357763     1.0092460023311958
O      1    7774.082659254023     1.0111828130189402
O      1    7776.305259075406     1.0121264994930266
O      1    7777.52758895167      1.0117922936255341
Ni     1    7791.07324465637      1.0108875813827156
Ni     1    7799.72557981853      1.009974098539744
Rb     1    7802.205249061444     1.012154670510945
Al     1    7837.464765789455     1.0094710399672744
Al     1    7838.289988531767     1.010676923501261
Si     1    7852.143727973151     1.0146147068227114
UL     3    4723.47               1.0206582253376666
UL     3    4745.74               1.018622968856542
UL     3    4749.47               1.022595202201166
UL     3    4765.26               1.0076532295609468
UL     3    4774.16               1.014314389454788
UL     3    4791.0                0.990332120656668
UL     3    4808.33               1.0230166666153706
UL     3    4814.84               0.9950925482354578
UL     3    4819.16               1.0145131977229007
UL     3    4825.5                1.0117784763877526
UL     3    4830.74               0.9847892189220967
UL     3    4834.09               1.0124925703936618
UL     3    4840.91               1.0105086528723535
UL     3    4849.61               1.0188662216717879
UL     3    4852.85               1.0240340377163866
UL     3    5655.46               1.0
UL     3    5677.0                1.0131600245343317
UL     3    5693.09               1.0161870986568695
UL     3    5695.25               1.014769549579441
UL     3    5707.59               1.0139080273881678
UL     3    5708.68               1.0134703684539441
UL     3    5716.69               1.0153045256764759
UL     3    5719.45               1.0151108883265167
UL     3    5753.66               1.020061736006703
UL     3    5792.62               1.0213459407747052
UL     3    6501.47               1.0123692387843817
UL     3    6571.05               1.0136797871958283
UL     3    6576.88               1.024166074505766
UL     3    6706.96               1.0156536621363355
UL     3    6728.57               1.0
UL     3    7716.42               1.0064023074234265
UL     3    7725.34               1.002809666994337
UL     3    7729.78               1.00686559593159
UL     3    7744.87               1.0093730508335628
UL     3    7782.75               1.0118669929189401
UL     3    7810.04               1.0114585008903052
UL     3    7834.36               1.0124795156605457
