#elem  ion  wave                  correction(aperture/stacked)
La     2    4717.759567724955     1.0
Mg     1    4731.351766619823     1.0005543708244933
Fe     1    4734.916110486742     1.0147947933427368
Mn     1    4740.415566878147     1.0214296169160064
Fe     1    4742.8552129917925    1.0172274297380024
Fe     1    4747.1273444713015    1.0204159367847359
Ti     1    4759.448408090701     1.0473748126188163
Ti     1    4760.600613316287     1.04358205022405
Mn     1    4762.837505895204     1.027399509349813
Ti     2    4765.857005824366     1.0156849974565694
Fe     1    4780.775258460967     1.0193517447220761
V      1    4785.804091043368     1.0
Fe     1    4789.165481822721     1.0327264984164728
Fe     1    4790.095328242028     1.0181006224854172
Cr     1    4790.673881566418     0.9740269509986491
Ti     2    4799.872619512944     1.008428533844606
Cr     1    4802.366680566258     0.9756477772999856
Fe     1    4804.222172380227     1.0101952157971257
Fe     1    4809.491669170637     0.9850484105391671
Zn     1    4811.881502677758     1.0251597435305624
Ti     1    4821.756520598129     1.0184564047420086
Ni     1    4832.529977081299     1.01876949739751
Sm     2    4838.011430590429     1.0
Ti     1    4842.232549968105     1.015852651185358
Fe     1    4845.367381317484     1.0094079350470604
Cr     2    4849.590501330725     1.0179142424626868
Ti     2    4850.522548526964     0.996887439176171
Y      2    4856.217358959939     1.0061602986225024
Ti     2    4866.969511046126     1.026642288569343
Ni     1    4867.629286068777     1.0223078381219286
Ti     2    4875.370739800553     0.9976001309981283
Fe     1    4877.238835417714     0.9975400403198391
Fe     1    4883.50749861639      1.0040806096883417
Y      2    4885.046006832402     1.0147826655665546
Cr     2    4885.974153103399     1.0010956289594972
Fe     1    4892.120884126167     1.0135498198166315
Fe     1    4892.858079747847     1.0161607120657499
Fe     1    5653.03740205537      1.0
Fe     1    5653.886328981642     1.0
Sc     2    5659.466220575779     1.0015253386502263
Fe     1    5664.0875559795395    0.9938021516442105
Si     1    5667.126768463639     1.0180181918354483
Sc     2    5668.721694848641     0.9715496268943745
Fe     1    5669.090793523595     0.9987995583151967
Sc     2    5670.628204538431     1.0160220909273832
Fe     1    5680.598770204794     1.013364638365922
Na     1    5684.210135764635     1.0031291772848085
Na     1    5689.783325901822     1.0146770432496512
Si     1    5692.003919652215     1.01567792933533
Fe     1    5703.126093684245     1.0026244985675175
Mg     1    5712.67244653875      1.0185423213658322
Fe     1    5733.351777140469     1.0100442222698978
Mo     1    5753.003233598317     1.0
Fe     1    5754.725694364557     1.0071739174845247
Ni     1    5756.266106436666     1.0154486544193795
Si     1    5773.7487834999965    1.021020468913067
Fe     1    5776.682068284723     1.0196929258654879
Cr     1    5785.46991952334      1.0218392041375821
Cr     1    5789.524004264603     1.015901860776006
Si     1    5794.678983613339     1.0236195825604057
Fe     1    5808.334937855258     1.0191588132971872
Fe     1    5810.828105047002     1.0199383877417703
Fe     1    5853.842217745841     1.0268577613506495
Ca     1    5859.074618420989     1.0172549354520242
Fe     1    5861.214191182892     1.016715378046983
Fe     1    5863.984932920292     1.0192042844845066
Ti     1    5868.077328493994     1.0
Ca     1    5869.1883259238175    1.0
Ca     1    5869.196328066112     1.0
Fe     1    6483.660928685685     1.0
Ca     1    6495.575329443239     1.0137697103533452
Fe     1    6496.775051753972     1.0106126227281347
Fe     1    6500.734015360068     1.0084340480663494
Fe     2    6517.876921161999     1.0190186411099296
Fe     1    6520.16663637006      1.0085349733470725
Fe     1    6548.046527753324     1.0195949256754326
Ni     1    6588.128999672801     1.0221988507388375
Fe     1    6594.73337474588      1.016158158098366
Fe     1    6595.690732061377     1.0214774931346846
Fe     1    6599.381424044337     1.022718450908821
Sc     2    6606.425117291336     1.0218567351214705
Fe     1    6610.935029524423     1.0123157394949085
Fe     1    6629.374086067407     1.0224652701982002
Ni     1    6645.484617017192     1.019071614382952
Fe     1    6679.82895072668      1.0195364079983908
Al     1    6697.87170219246      1.0182408800456235
Al     1    6700.522414966865     1.0016510941872836
Fe     1    6705.416731065437     1.0182260870136857
Cr     1    6723.703748749681     1.0188122052482198
Fe     1    6727.2123923259205    1.0
Fe     1    6735.0089891072275    1.0
Si     1    7682.383915272238     1.00479881765752
Mg     1    7693.666959557328     1.0056823120596807
K      1    7701.083260605108     1.0059956530479928
Fe     1    7712.487037622347     1.006572751763475
Fe     2    7713.842803447365     1.0068143383217767
Ni     1    7717.714448136995     1.007241401924759
Fe     1    7750.401268486927     0.9952123666905212
Ni     1    7751.022436112898     0.9915020333878893
Fe     1    7753.243035357763     1.009571243752613
O      1    7774.082659254023     1.0113212394445568
O      1    7776.305259075406     1.0122557782705026
O      1    7777.52758895167      1.0119094658181804
Ni     1    7791.07324465637      1.0109051505314657
Ni     1    7799.72557981853      1.0099711015921449
Rb     1    7802.205249061444     1.0121465193330075
Al     1    7837.464765789455     1.0095603105917534
Al     1    7838.289988531767     1.0107648161022162
Si     1    7852.143727973151     1.0148139462065777
UL     3    4723.47               1.0218640658639033
UL     3    4745.74               1.0196503115280275
UL     3    4749.47               1.0238220913076992
UL     3    4765.26               1.0078802995659724
UL     3    4774.16               1.0145521012389573
UL     3    4791.0                0.9903014495556551
UL     3    4808.33               1.022509788470364
UL     3    4814.84               0.9955153114700704
UL     3    4819.16               1.0139011550045351
UL     3    4825.5                1.0112508611679345
UL     3    4830.74               0.9861405007737878
UL     3    4834.09               1.0118359006908682
UL     3    4840.91               1.0100643272890386
UL     3    4849.61               1.0179141407645649
UL     3    4852.85               1.0226560763949961
UL     3    5655.46               1.0
UL     3    5677.0                1.0140311654003404
UL     3    5693.09               1.0169977964269366
UL     3    5695.25               1.0154002978100631
UL     3    5707.59               1.0144501048484755
UL     3    5708.68               1.0139128382578668
UL     3    5716.69               1.0157070285404468
UL     3    5719.45               1.015483937612528
UL     3    5753.66               1.0202175453948714
UL     3    5792.62               1.0214181394589839
UL     3    6501.47               1.012446269407688
UL     3    6571.05               1.0141713877690426
UL     3    6576.88               1.0251259024169057
UL     3    6706.96               1.016404078224935
UL     3    6728.57               1.0
UL     3    7716.42               1.007228021710016
UL     3    7725.34               1.0030452450991674
UL     3    7729.78               1.0074236282046982
UL     3    7744.87               1.0098453805464997
UL     3    7782.75               1.0119310858989718
UL     3    7810.04               1.0114498148800672
UL     3    7834.36               1.0125405621908024
