#elem  ion  wave                  correction(aperture/stacked)
La     2    4717.759567724955     1.0
Mg     1    4731.351766619823     1.0007493506789933
Fe     1    4734.916110486742     1.0136806646929675
Mn     1    4740.415566878147     1.0195756947726136
Fe     1    4742.8552129917925    1.0156959137933883
Fe     1    4747.1273444713015    1.018631582591498
Ti     1    4759.448408090701     1.0433083543880222
Ti     1    4760.600613316287     1.0399861207466676
Mn     1    4762.837505895204     1.0251517775910937
Ti     2    4765.857005824366     1.0140329620849824
Fe     1    4780.775258460967     1.0178229675982116
V      1    4785.804091043368     1.0
Fe     1    4789.165481822721     1.029780153492903
Fe     1    4790.095328242028     1.0163819910665834
Cr     1    4790.673881566418     0.9775352398678523
Ti     2    4799.872619512944     1.0077962782440766
Cr     1    4802.366680566258     0.978437268361634
Fe     1    4804.222172380227     1.0084524512130963
Fe     1    4809.491669170637     0.9867112239250001
Zn     1    4811.881502677758     1.0231921562116257
Ti     1    4821.756520598129     1.016729597527795
Ni     1    4832.529977081299     1.0169787333429388
Sm     2    4838.011430590429     1.0
Ti     1    4842.232549968105     1.014496847643752
Fe     1    4845.367381317484     1.0087808034471804
Cr     2    4849.590501330725     1.0160853801773413
Ti     2    4850.522548526964     0.9977897086368512
Y      2    4856.217358959939     1.0055277349525862
Ti     2    4866.969511046126     1.0232963718019237
Ni     1    4867.629286068777     1.0195220049351519
Ti     2    4875.370739800553     0.9985992919861226
Fe     1    4877.238835417714     0.998234730639098
Fe     1    4883.50749861639      1.003542138137663
Y      2    4885.046006832402     1.0115540392306919
Cr     2    4885.974153103399     0.998798604566723
Fe     1    4892.120884126167     1.0113587180886747
Fe     1    4892.858079747847     1.0134091626039647
Fe     1    5653.03740205537      1.0
Fe     1    5653.886328981642     1.0
Sc     2    5659.466220575779     1.0015290137883366
Fe     1    5664.0875559795395    0.9952676778262056
Si     1    5667.126768463639     1.015275888146698
Sc     2    5668.721694848641     0.977170530127724
Fe     1    5669.090793523595     0.9995034535717743
Sc     2    5670.628204538431     1.013337110799059
Fe     1    5680.598770204794     1.0108152867905695
Na     1    5684.210135764635     1.0028334446435037
Na     1    5689.783325901822     1.0116581904264434
Si     1    5692.003919652215     1.0125079920774258
Fe     1    5703.126093684245     1.0026211840563815
Mg     1    5712.67244653875      1.014792866560846
Fe     1    5733.351777140469     1.0086699371110375
Mo     1    5753.003233598317     1.0
Fe     1    5754.725694364557     1.006612796163948
Ni     1    5756.266106436666     1.0137884019377839
Si     1    5773.7487834999965    1.0190731011292866
Fe     1    5776.682068284723     1.0181474607310719
Cr     1    5785.46991952334      1.020170006614822
Cr     1    5789.524004264603     1.0148270115796663
Si     1    5794.678983613339     1.0217311354366985
Fe     1    5808.334937855258     1.0179629773410543
Fe     1    5810.828105047002     1.0186495548574144
Fe     1    5853.842217745841     1.0243756120739484
Ca     1    5859.074618420989     1.015289260680346
Fe     1    5861.214191182892     1.0150364164392445
Fe     1    5863.984932920292     1.016985282687116
Ti     1    5868.077328493994     1.0
Ca     1    5869.1883259238175    1.0
Ca     1    5869.196328066112     1.0
Fe     1    6483.660928685685     1.0
Ca     1    6495.575329443239     1.011136448548083
Fe     1    6496.775051753972     1.0085905803199338
Fe     1    6500.734015360068     1.0065936584810875
Fe     2    6517.876921161999     1.01500976449481
Fe     1    6520.16663637006      1.007099905507553
Fe     1    6548.046527753324     1.016071423984703
Ni     1    6588.128999672801     1.0186851914585702
Fe     1    6594.73337474588      1.014119819172999
Fe     1    6595.690732061377     1.0184313115663022
Fe     1    6599.381424044337     1.0196101030701739
Sc     2    6606.425117291336     1.0191578328938855
Fe     1    6610.935029524423     1.0111849519294782
Fe     1    6629.374086067407     1.019923827541055
Ni     1    6645.484617017192     1.0168686846698793
Fe     1    6679.82895072668      1.0164247611833548
Al     1    6697.87170219246      1.0146149637580677
Al     1    6700.522414966865     1.0021494188428237
Fe     1    6705.416731065437     1.0149972968354644
Cr     1    6723.703748749681     1.0148858788143016
Fe     1    6727.2123923259205    1.0
Fe     1    6735.0089891072275    1.0
Si     1    7682.383915272238     1.0015840265292553
Mg     1    7693.666959557328     1.002198533462629
K      1    7701.083260605108     1.0026031053783528
Fe     1    7712.487037622347     1.003294316642546
Fe     2    7713.842803447365     1.0034677984998726
Ni     1    7717.714448136995     1.0038224630516794
Fe     1    7750.401268486927     0.9971292886484915
Ni     1    7751.022436112898     0.9946873333120078
Fe     1    7753.243035357763     1.0066743595829086
O      1    7774.082659254023     1.0083155577892347
O      1    7776.305259075406     1.00903854297825
O      1    7777.52758895167      1.0087649660586984
Ni     1    7791.07324465637      1.0086406620950814
Ni     1    7799.72557981853      1.0080115219366728
Rb     1    7802.205249061444     1.0095631590852367
Al     1    7837.464765789455     1.007180677889067
Al     1    7838.289988531767     1.0085708433750946
Si     1    7852.143727973151     1.012174368518605
UL     3    4723.47               1.020730398674781
UL     3    4745.74               1.017903461255352
UL     3    4749.47               1.0215751750227704
UL     3    4765.26               1.0074044540844143
UL     3    4774.16               1.0135778317966475
UL     3    4791.0                0.9920204632191092
UL     3    4808.33               1.0208560827058275
UL     3    4814.84               0.9963673691175172
UL     3    4819.16               1.012636473721493
UL     3    4825.5                1.0102984016480767
UL     3    4830.74               0.9880036966608049
UL     3    4834.09               1.010876427820744
UL     3    4840.91               1.0093624086380728
UL     3    4849.61               1.0160852871915813
UL     3    4852.85               1.0196693035332505
UL     3    5655.46               1.0
UL     3    5677.0                1.011360317184432
UL     3    5693.09               1.0134585141464731
UL     3    5695.25               1.0124626373389733
UL     3    5707.59               1.011333304252886
UL     3    5708.68               1.011217167739843
UL     3    5716.69               1.0128528470293392
UL     3    5719.45               1.0127149343645132
UL     3    5753.66               1.0179682079931565
UL     3    5792.62               1.0197647243546826
UL     3    6501.47               1.0099231384964193
UL     3    6571.05               1.012081336581723
UL     3    6576.88               1.0210374440495533
UL     3    6706.96               1.0134262986608693
UL     3    6728.57               1.0
UL     3    7716.42               1.0037081571682382
UL     3    7725.34               1.0018362024458725
UL     3    7729.78               1.0044324430332807
UL     3    7744.87               1.0064353812800015
UL     3    7782.75               1.0091544462689928
UL     3    7810.04               1.009331023204088
UL     3    7834.36               1.010278873489242
