#elem  ion  wave                  correction(aperture/stacked)
La     2    4717.759567724955     1.0
Mg     1    4731.351766619823     1.000819062034765
Fe     1    4734.916110486742     1.0134431627729883
Mn     1    4740.415566878147     1.0195831081071551
Fe     1    4742.8552129917925    1.0158380953204114
Fe     1    4747.1273444713015    1.0189519749476323
Ti     1    4759.448408090701     1.0447536162818112
Ti     1    4760.600613316287     1.0413044005633254
Mn     1    4762.837505895204     1.0260170001479778
Ti     2    4765.857005824366     1.0146113643216759
Fe     1    4780.775258460967     1.0185415409699023
V      1    4785.804091043368     1.0
Fe     1    4789.165481822721     1.0310532203813199
Fe     1    4790.095328242028     1.0171237826431143
Cr     1    4790.673881566418     0.9760540278453175
Ti     2    4799.872619512944     1.008033438661557
Cr     1    4802.366680566258     0.9774572405067821
Fe     1    4804.222172380227     1.0090533166091795
Fe     1    4809.491669170637     0.9862490203844705
Zn     1    4811.881502677758     1.0236881093198842
Ti     1    4821.756520598129     1.0169051829127451
Ni     1    4832.529977081299     1.016876498555024
Sm     2    4838.011430590429     1.0
Ti     1    4842.232549968105     1.0142873416222284
Fe     1    4845.367381317484     1.0086698019128415
Cr     2    4849.590501330725     1.015781708114027
Ti     2    4850.522548526964     0.9979204916894593
Y      2    4856.217358959939     1.0054385220795283
Ti     2    4866.969511046126     1.0231663645174651
Ni     1    4867.629286068777     1.0194317594982987
Ti     2    4875.370739800553     0.9985517359196865
Fe     1    4877.238835417714     0.9981867457211944
Fe     1    4883.50749861639      1.003618462496027
Y      2    4885.046006832402     1.0120642044681802
Cr     2    4885.974153103399     0.9991786533773831
Fe     1    4892.120884126167     1.0118597136314507
Fe     1    4892.858079747847     1.014048544496293
Fe     1    5653.03740205537      1.0
Fe     1    5653.886328981642     1.0
Sc     2    5659.466220575779     1.0015346483707077
Fe     1    5664.0875559795395    0.9949367236995008
Si     1    5667.126768463639     1.0159724969007606
Sc     2    5668.721694848641     0.9758320113439304
Fe     1    5669.090793523595     0.9993492516838276
Sc     2    5670.628204538431     1.013998332629632
Fe     1    5680.598770204794     1.0114140213976308
Na     1    5684.210135764635     1.0029259448600596
Na     1    5689.783325901822     1.012495933049656
Si     1    5692.003919652215     1.013408311686836
Fe     1    5703.126093684245     1.0026560181286963
Mg     1    5712.67244653875      1.0160339286738318
Fe     1    5733.351777140469     1.0092315218907482
Mo     1    5753.003233598317     1.0
Fe     1    5754.725694364557     1.0068777707109842
Ni     1    5756.266106436666     1.0145736249913335
Si     1    5773.7487834999965    1.0201133646788598
Fe     1    5776.682068284723     1.0189952598316976
Cr     1    5785.46991952334      1.021127908742493
Cr     1    5789.524004264603     1.0154532743566955
Si     1    5794.678983613339     1.0228349323251942
Fe     1    5808.334937855258     1.0186821558385364
Fe     1    5810.828105047002     1.0194227283679889
Fe     1    5853.842217745841     1.0256609086952755
Ca     1    5859.074618420989     1.0162585916377094
Fe     1    5861.214191182892     1.0158671279186435
Fe     1    5863.984932920292     1.0180480653164292
Ti     1    5868.077328493994     1.0
Ca     1    5869.1883259238175    1.0
Ca     1    5869.196328066112     1.0
Fe     1    6483.660928685685     1.0
Ca     1    6495.575329443239     1.0132443655811092
Fe     1    6496.775051753972     1.0101696740789892
Fe     1    6500.734015360068     1.0079204263057406
Fe     2    6517.876921161999     1.0171243506159244
Fe     1    6520.16663637006      1.0078573351692264
Fe     1    6548.046527753324     1.017361450584266
Ni     1    6588.128999672801     1.0198685765386026
Fe     1    6594.73337474588      1.0148420448192053
Fe     1    6595.690732061377     1.0194267977699196
Fe     1    6599.381424044337     1.0207271332368855
Sc     2    6606.425117291336     1.0201915554172711
Fe     1    6610.935029524423     1.0116530318789667
Fe     1    6629.374086067407     1.0210899077521627
Ni     1    6645.484617017192     1.0180000085196113
Fe     1    6679.82895072668      1.018126699631054
Al     1    6697.87170219246      1.0164510178759032
Al     1    6700.522414966865     1.0019734054072944
Fe     1    6705.416731065437     1.016616655498262
Cr     1    6723.703748749681     1.0165850550321915
Fe     1    6727.2123923259205    1.0
Fe     1    6735.0089891072275    1.0
Si     1    7682.383915272238     1.003066845714615
Mg     1    7693.666959557328     1.0037943361490989
K      1    7701.083260605108     1.0041617807055325
Fe     1    7712.487037622347     1.004803291734136
Fe     2    7713.842803447365     1.0050089279890608
Ni     1    7717.714448136995     1.0053888558583235
Fe     1    7750.401268486927     0.9962936742765129
Ni     1    7751.022436112898     0.9932786512164989
Fe     1    7753.243035357763     1.0080170668043236
O      1    7774.082659254023     1.009626410010606
O      1    7776.305259075406     1.010451052685081
O      1    7777.52758895167      1.0101323466926142
Ni     1    7791.07324465637      1.0096916674082104
Ni     1    7799.72557981853      1.0089245271374325
Rb     1    7802.205249061444     1.0107449106945126
Al     1    7837.464765789455     1.0082346169744907
Al     1    7838.289988531767     1.0095473107851427
Si     1    7852.143727973151     1.01332427146226
UL     3    4723.47               1.0192387186027818
UL     3    4745.74               1.0181636089854735
UL     3    4749.47               1.0220781765814102
UL     3    4765.26               1.0075495866868784
UL     3    4774.16               1.0140407981185053
UL     3    4791.0                0.9913008333399238
UL     3    4808.33               1.0213507283593064
UL     3    4814.84               0.9962100639962586
UL     3    4819.16               1.012816179050617
UL     3    4825.5                1.010340618621648
UL     3    4830.74               0.9880641902526527
UL     3    4834.09               1.0107999328195905
UL     3    4840.91               1.009256406594164
UL     3    4849.61               1.0157816166425127
UL     3    4852.85               1.019202437341377
UL     3    5655.46               1.0
UL     3    5677.0                1.0119844326038219
UL     3    5693.09               1.0144486393333203
UL     3    5695.25               1.0133175492319666
UL     3    5707.59               1.0123167772562183
UL     3    5708.68               1.0120997494106687
UL     3    5716.69               1.0138336436536979
UL     3    5719.45               1.013702015953518
UL     3    5753.66               1.0190061974170792
UL     3    5792.62               1.0207269415785178
UL     3    6501.47               1.0117239505202706
UL     3    6571.05               1.0127768783692093
UL     3    6576.88               1.022395454159144
UL     3    6706.96               1.0149019878676397
UL     3    6728.57               1.0
UL     3    7716.42               1.0053065430956445
UL     3    7725.34               1.0024220798439485
UL     3    7729.78               1.0058169883704502
UL     3    7744.87               1.0080020467577502
UL     3    7782.75               1.0104392727735676
UL     3    7810.04               1.0103046178032333
UL     3    7834.36               1.011293459386282
