#elem  ion  wave                  correction(aperture/stacked)
La     2    4717.759567724955     1.0
Mg     1    4731.351766619823     1.0005637608168152
Fe     1    4734.916110486742     1.0147476244599178
Mn     1    4740.415566878147     1.02135076931064
Fe     1    4742.8552129917925    1.0171618741985256
Fe     1    4747.1273444713015    1.0203374604475879
Ti     1    4759.448408090701     1.0471871041831569
Ti     1    4760.600613316287     1.0434157749230086
Mn     1    4762.837505895204     1.027292570993169
Ti     2    4765.857005824366     1.015582225933252
Fe     1    4780.775258460967     1.0192556681322376
V      1    4785.804091043368     1.0
Fe     1    4789.165481822721     1.0325047676933783
Fe     1    4790.095328242028     1.0179707048062452
Cr     1    4790.673881566418     0.974315073609136
Ti     2    4799.872619512944     1.0083580395175804
Cr     1    4802.366680566258     0.975927823775587
Fe     1    4804.222172380227     1.0100217913562795
Fe     1    4809.491669170637     0.9852364128675258
Zn     1    4811.881502677758     1.0249332125125263
Ti     1    4821.756520598129     1.0182464126106703
Ni     1    4832.529977081299     1.0184990966907517
Sm     2    4838.011430590429     1.0
Ti     1    4842.232549968105     1.0156804602232898
Fe     1    4845.367381317484     1.0093359189241111
Cr     2    4849.590501330725     1.0177098677366587
Ti     2    4850.522548526964     0.996995448273361
Y      2    4856.217358959939     1.0061025080521768
Ti     2    4866.969511046126     1.0264425480953228
Ni     1    4867.629286068777     1.0221457737269897
Ti     2    4875.370739800553     0.997649895092821
Fe     1    4877.238835417714     0.9975699440879046
Fe     1    4883.50749861639      1.0040651983338553
Y      2    4885.046006832402     1.0147064777670873
Cr     2    4885.974153103399     1.001043446169322
Fe     1    4892.120884126167     1.013521472664017
Fe     1    4892.858079747847     1.0161274938146483
Fe     1    5653.03740205537      1.0
Fe     1    5653.886328981642     1.0
Sc     2    5659.466220575779     1.0015245910710904
Fe     1    5664.0875559795395    0.9938070195856104
Si     1    5667.126768463639     1.0179874418682442
Sc     2    5668.721694848641     0.9716427436844531
Fe     1    5669.090793523595     0.9988143706076795
Sc     2    5670.628204538431     1.0159694705212192
Fe     1    5680.598770204794     1.0132457113643547
Na     1    5684.210135764635     1.0031109197050967
Na     1    5689.783325901822     1.0145355780051224
Si     1    5692.003919652215     1.0155260065550664
Fe     1    5703.126093684245     1.0026367122194988
Mg     1    5712.67244653875      1.0183270804876332
Fe     1    5733.351777140469     1.0099713083342954
Mo     1    5753.003233598317     1.0
Fe     1    5754.725694364557     1.0071489575219343
Ni     1    5756.266106436666     1.0153705898630885
Si     1    5773.7487834999965    1.0209467138067847
Fe     1    5776.682068284723     1.01963841564251
Cr     1    5785.46991952334      1.021785672578418
Cr     1    5789.524004264603     1.015856117055033
Si     1    5794.678983613339     1.0235658433122201
Fe     1    5808.334937855258     1.0191292679142105
Fe     1    5810.828105047002     1.0199064451422044
Fe     1    5853.842217745841     1.0267681952065293
Ca     1    5859.074618420989     1.0171765109937045
Fe     1    5861.214191182892     1.0166499039024142
Fe     1    5863.984932920292     1.0191126453459687
Ti     1    5868.077328493994     1.0
Ca     1    5869.1883259238175    1.0
Ca     1    5869.196328066112     1.0
Fe     1    6483.660928685685     1.0
Ca     1    6495.575329443239     1.013879663705854
Fe     1    6496.775051753972     1.0107013205421453
Fe     1    6500.734015360068     1.0085287826277618
Fe     2    6517.876921161999     1.019283101714452
Fe     1    6520.16663637006      1.0086129037324392
Fe     1    6548.046527753324     1.0197533971597712
Ni     1    6588.128999672801     1.0221296464421838
Fe     1    6594.73337474588      1.016070550630638
Fe     1    6595.690732061377     1.0213413291206572
Fe     1    6599.381424044337     1.022587170256627
Sc     2    6606.425117291336     1.021705990177604
Fe     1    6610.935029524423     1.012234505899783
Fe     1    6629.374086067407     1.022203145142428
Ni     1    6645.484617017192     1.018809065683371
Fe     1    6679.82895072668      1.0192763173750377
Al     1    6697.87170219246      1.018105495689192
Al     1    6700.522414966865     1.0016751994497253
Fe     1    6705.416731065437     1.0181761291192073
Cr     1    6723.703748749681     1.0189213876887018
Fe     1    6727.2123923259205    1.0
Fe     1    6735.0089891072275    1.0
Si     1    7682.383915272238     1.0045647755984703
Mg     1    7693.666959557328     1.0053669569748274
K      1    7701.083260605108     1.005661391315927
Fe     1    7712.487037622347     1.0062505337205965
Fe     2    7713.842803447365     1.0064859760388527
Ni     1    7717.714448136995     1.0068965150508662
Fe     1    7750.401268486927     0.9953468536715117
Ni     1    7751.022436112898     0.9917221464447313
Fe     1    7753.243035357763     1.0093972010188672
O      1    7774.082659254023     1.0112416548435357
O      1    7776.305259075406     1.0121837245464773
O      1    7777.52758895167      1.0118457533343188
Ni     1    7791.07324465637      1.0109140607777825
Ni     1    7799.72557981853      1.0100028487533108
Rb     1    7802.205249061444     1.0121984364911196
Al     1    7837.464765789455     1.0096493410704406
Al     1    7838.289988531767     1.010844977807768
Si     1    7852.143727973151     1.0148892813462003
UL     3    4723.47               1.0218153386098738
UL     3    4745.74               1.0195738304367714
UL     3    4749.47               1.0237209236507456
UL     3    4765.26               1.0078488372729648
UL     3    4774.16               1.0144994396112332
UL     3    4791.0                0.9904473110846661
UL     3    4808.33               1.0223319069430015
UL     3    4814.84               0.9956265054815621
UL     3    4819.16               1.0137497879803359
UL     3    4825.5                1.011132240571928
UL     3    4830.74               0.9863972464984065
UL     3    4834.09               1.0117046091508644
UL     3    4840.91               1.009975864484304
UL     3    4849.61               1.0177097669748139
UL     3    4852.85               1.022348133931375
UL     3    5655.46               1.0
UL     3    5677.0                1.0139267057707897
UL     3    5693.09               1.016821762005971
UL     3    5695.25               1.0152580451001745
UL     3    5707.59               1.0142703384004828
UL     3    5708.68               1.0137631507709288
UL     3    5716.69               1.0155457578683824
UL     3    5719.45               1.0153263364303535
UL     3    5753.66               1.0201086440193343
UL     3    5792.62               1.0213701921055347
UL     3    6501.47               1.0125764659846876
UL     3    6571.05               1.0141995453975214
UL     3    6576.88               1.0251399564916448
UL     3    6706.96               1.0163698798877823
UL     3    6728.57               1.0
UL     3    7716.42               1.0068683477731006
UL     3    7725.34               1.0029419999489924
UL     3    7729.78               1.00715495284799
UL     3    7744.87               1.0095907053378097
UL     3    7782.75               1.011903878167999
UL     3    7810.04               1.0115079973813832
UL     3    7834.36               1.0126374631108026
