#elem  ion  wave                  correction(aperture/stacked)
La     2    4717.759567724955     1.0
Mg     1    4731.351766619823     1.0006977317624755
Fe     1    4734.916110486742     1.0140780792658601
Mn     1    4740.415566878147     1.0204388606473267
Fe     1    4742.8552129917925    1.0164577841799631
Fe     1    4747.1273444713015    1.0195946163749214
Ti     1    4759.448408090701     1.0459447473404078
Ti     1    4760.600613316287     1.0424398331149076
Mn     1    4762.837505895204     1.026723567560904
Ti     2    4765.857005824366     1.0151183711506861
Fe     1    4780.775258460967     1.0191219917374674
V      1    4785.804091043368     1.0
Fe     1    4789.165481822721     1.0325251455626216
Fe     1    4790.095328242028     1.0180015643826625
Cr     1    4790.673881566418     0.9742193564787398
Ti     2    4799.872619512944     1.0084655368598487
Cr     1    4802.366680566258     0.9753789398405053
Fe     1    4804.222172380227     1.0104014232224134
Fe     1    4809.491669170637     0.9847119909502614
Zn     1    4811.881502677758     1.0256160969798955
Ti     1    4821.756520598129     1.0190464558420333
Ni     1    4832.529977081299     1.019628788905221
Sm     2    4838.011430590429     1.0
Ti     1    4842.232549968105     1.0165273193448214
Fe     1    4845.367381317484     1.009698392323466
Cr     2    4849.590501330725     1.0187354977205179
Ti     2    4850.522548526964     0.996462592689544
Y      2    4856.217358959939     1.006388123129678
Ti     2    4866.969511046126     1.0273095127856018
Ni     1    4867.629286068777     1.02284196899385
Ti     2    4875.370739800553     0.997474540658612
Fe     1    4877.238835417714     0.9974741762184585
Fe     1    4883.50749861639      1.0040908567032638
Y      2    4885.046006832402     1.0147930925894109
Cr     2    4885.974153103399     1.0010815878976465
Fe     1    4892.120884126167     1.0134256158083144
Fe     1    4892.858079747847     1.015985118413834
Fe     1    5653.03740205537      1.0
Fe     1    5653.886328981642     1.0
Sc     2    5659.466220575779     1.0015387971199652
Fe     1    5664.0875559795395    0.9942287460873807
Si     1    5667.126768463639     1.0173119576909915
Sc     2    5668.721694848641     0.9729842956411798
Fe     1    5669.090793523595     0.9989910445351424
Sc     2    5670.628204538431     1.0153862493947257
Fe     1    5680.598770204794     1.0128521137626656
Na     1    5684.210135764635     1.003087397720212
Na     1    5689.783325901822     1.014235856925789
Si     1    5692.003919652215     1.0152406619250771
Fe     1    5703.126093684245     1.0026459406053132
Mg     1    5712.67244653875      1.0182415807664291
Fe     1    5733.351777140469     1.0099755246827007
Mo     1    5753.003233598317     1.0
Fe     1    5754.725694364557     1.0071498817812714
Ni     1    5756.266106436666     1.0153716826002468
Si     1    5773.7487834999965    1.020910518935845
Fe     1    5776.682068284723     1.0196038584165246
Cr     1    5785.46991952334      1.0217238283837191
Cr     1    5789.524004264603     1.015810969630712
Si     1    5794.678983613339     1.0234668896828927
Fe     1    5808.334937855258     1.0190439844883923
Fe     1    5810.828105047002     1.0198094087755192
Fe     1    5853.842217745841     1.0265044690021707
Ca     1    5859.074618420989     1.0169845211888269
Fe     1    5861.214191182892     1.0164932949152121
Fe     1    5863.984932920292     1.0188846481368177
Ti     1    5868.077328493994     1.0
Ca     1    5869.1883259238175    1.0
Ca     1    5869.196328066112     1.0
Fe     1    6483.660928685685     1.0
Ca     1    6495.575329443239     1.0115818068822937
Fe     1    6496.775051753972     1.0089824183890181
Fe     1    6500.734015360068     1.0070843774197236
Fe     2    6517.876921161999     1.017025852739464
Fe     1    6520.16663637006      1.0078942381682967
Fe     1    6548.046527753324     1.018606725795328
Ni     1    6588.128999672801     1.0216185092555936
Fe     1    6594.73337474588      1.0158337977474041
Fe     1    6595.690732061377     1.0209864348961328
Fe     1    6599.381424044337     1.022256583386799
Sc     2    6606.425117291336     1.0214761795104919
Fe     1    6610.935029524423     1.0121656742470633
Fe     1    6629.374086067407     1.0221200408837419
Ni     1    6645.484617017192     1.0187507017125759
Fe     1    6679.82895072668      1.018982611473627
Al     1    6697.87170219246      1.0175920460004173
Al     1    6700.522414966865     1.001787082272951
Fe     1    6705.416731065437     1.0176880102012662
Cr     1    6723.703748749681     1.0181752279566734
Fe     1    6727.2123923259205    1.0
Fe     1    6735.0089891072275    1.0
Si     1    7682.383915272238     1.0040550559310717
Mg     1    7693.666959557328     1.0048985676159463
K      1    7701.083260605108     1.0052519303174396
Fe     1    7712.487037622347     1.00590145043096
Fe     2    7713.842803447365     1.0061347091181903
Ni     1    7717.714448136995     1.006551731250039
Fe     1    7750.401268486927     0.9955144812231373
Ni     1    7751.022436112898     0.9919924764280519
Fe     1    7753.243035357763     1.0091596205064015
O      1    7774.082659254023     1.011011391184724
O      1    7776.305259075406     1.0119369030930019
O      1    7777.52758895167      1.011603085358532
Ni     1    7791.07324465637      1.0107530604051573
Ni     1    7799.72557981853      1.0098611965436652
Rb     1    7802.205249061444     1.0120038467660948
Al     1    7837.464765789455     1.0094515405975348
Al     1    7838.289988531767     1.0106627368585128
Si     1    7852.143727973151     1.0146751320106948
UL     3    4723.47               1.0207164613426676
UL     3    4745.74               1.0188183971343323
UL     3    4749.47               1.0228382109761947
UL     3    4765.26               1.0076997397162852
UL     3    4774.16               1.0143554714516891
UL     3    4791.0                0.9903920020850048
UL     3    4808.33               1.0228027064352025
UL     3    4814.84               0.9952543836268898
UL     3    4819.16               1.014298895069574
UL     3    4825.5                1.011610816830243
UL     3    4830.74               0.9851990874234188
UL     3    4834.09               1.0123171389184744
UL     3    4840.91               1.0104146648776844
UL     3    4849.61               1.0187353924025853
UL     3    4852.85               1.0239184868902227
UL     3    5655.46               1.0
UL     3    5677.0                1.013456901694533
UL     3    5693.09               1.016516198634736
UL     3    5695.25               1.015027909222706
UL     3    5707.59               1.0141615732884934
UL     3    5708.68               1.0136796381875683
UL     3    5716.69               1.0155027885741628
UL     3    5719.45               1.0152962297826746
UL     3    5753.66               1.0201140342061643
UL     3    5792.62               1.0212758030610334
UL     3    6501.47               1.0106404345054227
UL     3    6571.05               1.013760636478404
UL     3    6576.88               1.0243984116430642
UL     3    6706.96               1.0159073141593138
UL     3    6728.57               1.0
UL     3    7716.42               1.0065058078335918
UL     3    7725.34               1.0028371495578274
UL     3    7729.78               1.0068869615570457
UL     3    7744.87               1.0093121347813827
UL     3    7782.75               1.0117009987721117
UL     3    7810.04               1.0113388930124763
UL     3    7834.36               1.012447352209675
