#elem  ion  wave                  correction(aperture/stacked)
La     2    4717.759567724955     1.0
Mg     1    4731.351766619823     1.000552771423665
Fe     1    4734.916110486742     1.0147452520589872
Mn     1    4740.415566878147     1.021260864774005
Fe     1    4742.8552129917925    1.017070078765333
Fe     1    4747.1273444713015    1.0202125834706954
Ti     1    4759.448408090701     1.047013643280363
Ti     1    4760.600613316287     1.0432842482095226
Mn     1    4762.837505895204     1.0272365023933103
Ti     2    4765.857005824366     1.015571140621358
Fe     1    4780.775258460967     1.0194717162949871
V      1    4785.804091043368     1.0
Fe     1    4789.165481822721     1.0333115762226526
Fe     1    4790.095328242028     1.0184609251820116
Cr     1    4790.673881566418     0.9731866512960198
Ti     2    4799.872619512944     1.0086658951222207
Cr     1    4802.366680566258     0.9743402807851544
Fe     1    4804.222172380227     1.0110546184039853
Fe     1    4809.491669170637     0.9840146592328565
Zn     1    4811.881502677758     1.026510350879267
Ti     1    4821.756520598129     1.0198552813299007
Ni     1    4832.529977081299     1.020686800319452
Sm     2    4838.011430590429     1.0
Ti     1    4842.232549968105     1.0172592511651086
Fe     1    4845.367381317484     1.009973812333683
Cr     2    4849.590501330725     1.0196563786687396
Ti     2    4850.522548526964     0.9958904181195417
Y      2    4856.217358959939     1.0066469614701954
Ti     2    4866.969511046126     1.028267753189805
Ni     1    4867.629286068777     1.0236206492691318
Ti     2    4875.370739800553     0.9972129305171527
Fe     1    4877.238835417714     0.9973245837576609
Fe     1    4883.50749861639      1.0041702472862901
Y      2    4885.046006832402     1.0151879455411315
Cr     2    4885.974153103399     1.0013536917353931
Fe     1    4892.120884126167     1.013576942593921
Fe     1    4892.858079747847     1.0161632608475875
Fe     1    5653.03740205537      1.0
Fe     1    5653.886328981642     1.0
Sc     2    5659.466220575779     1.0015172199278592
Fe     1    5664.0875559795395    0.9936341719835438
Si     1    5667.126768463639     1.0182526917110515
Sc     2    5668.721694848641     0.9710623027913179
Fe     1    5669.090793523595     0.998727209875713
Sc     2    5670.628204538431     1.0162156590572937
Fe     1    5680.598770204794     1.0134845237181365
Na     1    5684.210135764635     1.0031349329901762
Na     1    5689.783325901822     1.0147595336405617
Si     1    5692.003919652215     1.0157554213405875
Fe     1    5703.126093684245     1.0026201133584411
Mg     1    5712.67244653875      1.0186169075272498
Fe     1    5733.351777140469     1.0101113546351088
Mo     1    5753.003233598317     1.0
Fe     1    5754.725694364557     1.0072167480002117
Ni     1    5756.266106436666     1.0156056760693488
Si     1    5773.7487834999965    1.021269438348032
Fe     1    5776.682068284723     1.01989427307646
Cr     1    5785.46991952334      1.0221090696508839
Cr     1    5789.524004264603     1.0160643796339932
Si     1    5794.678983613339     1.0239375904282648
Fe     1    5808.334937855258     1.0194391835696195
Fe     1    5810.828105047002     1.0202391485873292
Fe     1    5853.842217745841     1.0271515185011841
Ca     1    5859.074618420989     1.0174712142258036
Fe     1    5861.214191182892     1.0168820001381877
Fe     1    5863.984932920292     1.0194153540331037
Ti     1    5868.077328493994     1.0
Ca     1    5869.1883259238175    1.0
Ca     1    5869.196328066112     1.0
Fe     1    6483.660928685685     1.0
Ca     1    6495.575329443239     1.0141802405910938
Fe     1    6496.775051753972     1.0109262965875285
Fe     1    6500.734015360068     1.008728274249852
Fe     2    6517.876921161999     1.0196665574460742
Fe     1    6520.16663637006      1.0087304311093392
Fe     1    6548.046527753324     1.0201461094479942
Ni     1    6588.128999672801     1.0227887643676852
Fe     1    6594.73337474588      1.0164386895512714
Fe     1    6595.690732061377     1.0219136851838992
Fe     1    6599.381424044337     1.0231519727626508
Sc     2    6606.425117291336     1.0222090744198316
Fe     1    6610.935029524423     1.0124426808852247
Fe     1    6629.374086067407     1.0227775797079306
Ni     1    6645.484617017192     1.0192877351292058
Fe     1    6679.82895072668      1.019729019598622
Al     1    6697.87170219246      1.0184247199023366
Al     1    6700.522414966865     1.0016104805707098
Fe     1    6705.416731065437     1.0183679260567204
Cr     1    6723.703748749681     1.018971553809662
Fe     1    6727.2123923259205    1.0
Fe     1    6735.0089891072275    1.0
Si     1    7682.383915272238     1.0049122158155992
Mg     1    7693.666959557328     1.005755448897536
K      1    7701.083260605108     1.0060488833229022
Fe     1    7712.487037622347     1.0066205058066837
Fe     2    7713.842803447365     1.0068640040731471
Ni     1    7717.714448136995     1.0072966786990254
Fe     1    7750.401268486927     0.9951008236839469
Ni     1    7751.022436112898     0.9913197767656037
Fe     1    7753.243035357763     1.0097265334957326
O      1    7774.082659254023     1.0116030784858052
O      1    7776.305259075406     1.0125705138640826
O      1    7777.52758895167      1.0122253803148027
Ni     1    7791.07324465637      1.011155569382144
Ni     1    7799.72557981853      1.0102067949380085
Rb     1    7802.205249061444     1.0124870795326661
Al     1    7837.464765789455     1.0098618136828381
Al     1    7838.289988531767     1.011036394283577
Si     1    7852.143727973151     1.0151042448845156
UL     3    4723.47               1.0221695102110961
UL     3    4745.74               1.0194546688587378
UL     3    4749.47               1.0235607441540062
UL     3    4765.26               1.0078427926399935
UL     3    4774.16               1.0145606168958998
UL     3    4791.0                0.9898664048919485
UL     3    4808.33               1.0234960994311297
UL     3    4814.84               0.9948095858852056
UL     3    4819.16               1.0148793839098789
UL     3    4825.5                1.0120684500471824
UL     3    4830.74               0.9839805695030915
UL     3    4834.09               1.0128596766719424
UL     3    4840.91               1.0107654489220803
UL     3    4849.61               1.0196562694514655
UL     3    4852.85               1.0253211175485915
UL     3    5655.46               1.0
UL     3    5677.0                1.0141808172380502
UL     3    5693.09               1.017082336635488
UL     3    5695.25               1.0154614708028682
UL     3    5707.59               1.0145086455489554
UL     3    5708.68               1.013961694020037
UL     3    5716.69               1.0157689206778628
UL     3    5719.45               1.0155501052138958
UL     3    5753.66               1.0203993641927482
UL     3    5792.62               1.021689612993081
UL     3    6501.47               1.0128418662068492
UL     3    6571.05               1.014476296353291
UL     3    6576.88               1.0257212531639945
UL     3    6706.96               1.0165339023392368
UL     3    6728.57               1.0
UL     3    7716.42               1.0072835763106192
UL     3    7725.34               1.0030678980029382
UL     3    7729.78               1.0074966749164438
UL     3    7744.87               1.0099925441583377
UL     3    7782.75               1.01223036814806
UL     3    7810.04               1.0117179436726313
UL     3    7834.36               1.0128399771341952
