#elem  ion  wave                  correction(aperture/stacked)
La     2    4717.759567724955     1.0
Mg     1    4731.351766619823     1.000625755166445
Fe     1    4734.916110486742     1.0144069344725162
Mn     1    4740.415566878147     1.0208507176266297
Fe     1    4742.8552129917925    1.016761770708333
Fe     1    4747.1273444713015    1.0198963707619142
Ti     1    4759.448408090701     1.0464820473388212
Ti     1    4760.600613316287     1.042825033777315
Mn     1    4762.837505895204     1.0269542588756864
Ti     2    4765.857005824366     1.0153166365961506
Fe     1    4780.775258460967     1.019260509244682
V      1    4785.804091043368     1.0
Fe     1    4789.165481822721     1.0328187320821032
Fe     1    4790.095328242028     1.0181724543788948
Cr     1    4790.673881566418     0.9738402340079676
Ti     2    4799.872619512944     1.0085361287820844
Cr     1    4802.366680566258     0.9750219679765172
Fe     1    4804.222172380227     1.010647047499757
Fe     1    4809.491669170637     0.9844745629762456
Zn     1    4811.881502677758     1.0258970201458997
Ti     1    4821.756520598129     1.0192978798527939
Ni     1    4832.529977081299     1.0199248969790213
Sm     2    4838.011430590429     1.0
Ti     1    4842.232549968105     1.0167111104721331
Fe     1    4845.367381317484     1.0097660061188078
Cr     2    4849.590501330725     1.0189351191419809
Ti     2    4850.522548526964     0.996345748621042
Y      2    4856.217358959939     1.006434768405022
Ti     2    4866.969511046126     1.0273903700351903
Ni     1    4867.629286068777     1.0229022358009665
Ti     2    4875.370739800553     0.9974852865706912
Fe     1    4877.238835417714     0.9974863174668608
Fe     1    4883.50749861639      1.0040699476584307
Y      2    4885.046006832402     1.0146646070981065
Cr     2    4885.974153103399     1.000980500355023
Fe     1    4892.120884126167     1.0132847299640404
Fe     1    4892.858079747847     1.01581857326774
Fe     1    5653.03740205537      1.0
Fe     1    5653.886328981642     1.0
Sc     2    5659.466220575779     1.001532911394182
Fe     1    5664.0875559795395    0.9940398503714943
Si     1    5667.126768463639     1.0176266966116172
Sc     2    5668.721694848641     0.9724068698295498
Fe     1    5669.090793523595     0.9989110359908361
Sc     2    5670.628204538431     1.0156197011563608
Fe     1    5680.598770204794     1.0129713358258137
Na     1    5684.210135764635     1.003093602522371
Na     1    5689.783325901822     1.0142796380190404
Si     1    5692.003919652215     1.015269778895486
Fe     1    5703.126093684245     1.0026477172647432
Mg     1    5712.67244653875      1.0181617289644833
Fe     1    5733.351777140469     1.009959460304788
Mo     1    5753.003233598317     1.0
Fe     1    5754.725694364557     1.0071563386131535
Ni     1    5756.266106436666     1.0153959137554025
Si     1    5773.7487834999965    1.0209854086283014
Fe     1    5776.682068284723     1.0196668410483873
Cr     1    5785.46991952334      1.021806910580005
Cr     1    5789.524004264603     1.015864486304764
Si     1    5794.678983613339     1.0235666952731175
Fe     1    5808.334937855258     1.0190966831821766
Fe     1    5810.828105047002     1.019862848684252
Fe     1    5853.842217745841     1.0263233536992302
Ca     1    5859.074618420989     1.01680176221708
Fe     1    5861.214191182892     1.0163130347243539
Fe     1    5863.984932920292     1.0186430087336624
Ti     1    5868.077328493994     1.0
Ca     1    5869.1883259238175    1.0
Ca     1    5869.196328066112     1.0
Fe     1    6483.660928685685     1.0
Ca     1    6495.575329443239     1.0131137081764552
Fe     1    6496.775051753972     1.0101193948193867
Fe     1    6500.734015360068     1.0080116754570434
Fe     2    6517.876921161999     1.0182995312296597
Fe     1    6520.16663637006      1.008297207431859
Fe     1    6548.046527753324     1.0191626590013938
Ni     1    6588.128999672801     1.0219275123614215
Fe     1    6594.73337474588      1.0160058927863107
Fe     1    6595.690732061377     1.0212516007647765
Fe     1    6599.381424044337     1.02251962105815
Sc     2    6606.425117291336     1.0217194527341305
Fe     1    6610.935029524423     1.0122679037914326
Fe     1    6629.374086067407     1.02236750257295
Ni     1    6645.484617017192     1.0189854250445
Fe     1    6679.82895072668      1.0193047067216439
Al     1    6697.87170219246      1.0178627459133522
Al     1    6700.522414966865     1.001735642933207
Fe     1    6705.416731065437     1.0178751244972384
Cr     1    6723.703748749681     1.018270426571453
Fe     1    6727.2123923259205    1.0
Fe     1    6735.0089891072275    1.0
Si     1    7682.383915272238     1.0041615408253697
Mg     1    7693.666959557328     1.0050382384460332
K      1    7701.083260605108     1.00539621950739
Fe     1    7712.487037622347     1.0060512342346886
Fe     2    7713.842803447365     1.0062882802821382
Ni     1    7717.714448136995     1.0067104393099324
Fe     1    7750.401268486927     0.995420871295186
Ni     1    7751.022436112898     0.9918414200629935
Fe     1    7753.243035357763     1.0092828285479032
O      1    7774.082659254023     1.0111266987475243
O      1    7776.305259075406     1.0120580034316173
O      1    7777.52758895167      1.0117207637725443
Ni     1    7791.07324465637      1.0108196885608542
Ni     1    7799.72557981853      1.0099132754640618
Rb     1    7802.205249061444     1.0120727829479825
Al     1    7837.464765789455     1.0094971313692265
Al     1    7838.289988531767     1.0107129403831234
Si     1    7852.143727973151     1.0147247154218477
UL     3    4723.47               1.0214853322008366
UL     3    4745.74               1.0191308631750995
UL     3    4749.47               1.0231865651848406
UL     3    4765.26               1.0077631440841595
UL     3    4774.16               1.0144410012679395
UL     3    4791.0                0.9902000417796135
UL     3    4808.33               1.0230229640653796
UL     3    4814.84               0.995108776444059
UL     3    4819.16               1.0144821740013632
UL     3    4825.5                1.0117498149356665
UL     3    4830.74               0.9848566389253576
UL     3    4834.09               1.0124679784143913
UL     3    4840.91               1.0105058299783234
UL     3    4849.61               1.018935012958392
UL     3    4852.85               1.0241981751976097
UL     3    5655.46               1.0
UL     3    5677.0                1.0136202078544623
UL     3    5693.09               1.016540701094261
UL     3    5695.25               1.0150353956474711
UL     3    5707.59               1.0141174429376427
UL     3    5708.68               1.0136406221544927
UL     3    5716.69               1.0154521051423808
UL     3    5719.45               1.0152463766367723
UL     3    5753.66               1.020138697663863
UL     3    5792.62               1.0213763941575873
UL     3    6501.47               1.0118829791451724
UL     3    6571.05               1.0139835186703423
UL     3    6576.88               1.024785225783892
UL     3    6706.96               1.0160720346474994
UL     3    6728.57               1.0
UL     3    7716.42               1.0066699178019056
UL     3    7725.34               1.0028897947542257
UL     3    7729.78               1.0070262809955821
UL     3    7744.87               1.009467559517175
UL     3    7782.75               1.0117939624472327
UL     3    7810.04               1.011402186119315
UL     3    7834.36               1.0124907639783884
