#elem  ion  wave                  correction(aperture/stacked)
La     2    4717.759567724955     1.0
Mg     1    4731.351766619823     1.0005413600226
Fe     1    4734.916110486742     1.0147537530009083
Mn     1    4740.415566878147     1.0211757143505202
Fe     1    4742.8552129917925    1.0169678070554238
Fe     1    4747.1273444713015    1.0200343366414906
Ti     1    4759.448408090701     1.0462952705801656
Ti     1    4760.600613316287     1.0426277912136503
Mn     1    4762.837505895204     1.0267938821234013
Ti     2    4765.857005824366     1.0151273384111483
Fe     1    4780.775258460967     1.018986807844256
V      1    4785.804091043368     1.0
Fe     1    4789.165481822721     1.0321677571918542
Fe     1    4790.095328242028     1.0177911608911774
Cr     1    4790.673881566418     0.9746823826962852
Ti     2    4799.872619512944     1.0083680169318248
Cr     1    4802.366680566258     0.9757686962576492
Fe     1    4804.222172380227     1.0101691372154324
Fe     1    4809.491669170637     0.9849244104019919
Zn     1    4811.881502677758     1.0253888364325054
Ti     1    4821.756520598129     1.018953694215816
Ni     1    4832.529977081299     1.0196926680125018
Sm     2    4838.011430590429     1.0
Ti     1    4842.232549968105     1.0166923476661824
Fe     1    4845.367381317484     1.0097782472030785
Cr     2    4849.590501330725     1.019063048088464
Ti     2    4850.522548526964     0.9962558495363928
Y      2    4856.217358959939     1.0065142599511097
Ti     2    4866.969511046126     1.0280208074276385
Ni     1    4867.629286068777     1.0234332803306478
Ti     2    4875.370739800553     0.9972059050992355
Fe     1    4877.238835417714     0.9973089479340016
Fe     1    4883.50749861639      1.0042088686049198
Y      2    4885.046006832402     1.0154549202320124
Cr     2    4885.974153103399     1.0015452277332495
Fe     1    4892.120884126167     1.0138198439470913
Fe     1    4892.858079747847     1.0164838123246613
Fe     1    5653.03740205537      1.0
Fe     1    5653.886328981642     1.0
Sc     2    5659.466220575779     1.0015353762667285
Fe     1    5664.0875559795395    0.9948257195982255
Si     1    5667.126768463639     1.0161656493058913
Sc     2    5668.721694848641     0.9754660883830008
Fe     1    5669.090793523595     0.9993207581048331
Sc     2    5670.628204538431     1.0141905483235043
Fe     1    5680.598770204794     1.0115088215201116
Na     1    5684.210135764635     1.0029365662865355
Na     1    5689.783325901822     1.0125558383359594
Si     1    5692.003919652215     1.0134552793809595
Fe     1    5703.126093684245     1.002655358270349
Mg     1    5712.67244653875      1.0159159525326826
Fe     1    5733.351777140469     1.0091329854187323
Mo     1    5753.003233598317     1.0
Fe     1    5754.725694364557     1.006825201980901
Ni     1    5756.266106436666     1.0144096075127562
Si     1    5773.7487834999965    1.0199262636782982
Fe     1    5776.682068284723     1.0188516753576737
Cr     1    5785.46991952334      1.0209758238275384
Cr     1    5789.524004264603     1.0153760799245106
Si     1    5794.678983613339     1.0227202995823577
Fe     1    5808.334937855258     1.0186601757183555
Fe     1    5810.828105047002     1.0194104735027456
Fe     1    5853.842217745841     1.0260429374050581
Ca     1    5859.074618420989     1.0165967006120413
Fe     1    5861.214191182892     1.0161614771653664
Fe     1    5863.984932920292     1.018455159906167
Ti     1    5868.077328493994     1.0
Ca     1    5869.1883259238175    1.0
Ca     1    5869.196328066112     1.0
Fe     1    6483.660928685685     1.0
Ca     1    6495.575329443239     1.0106828198160207
Fe     1    6496.775051753972     1.0082573755981914
Fe     1    6500.734015360068     1.0063404565377871
Fe     2    6517.876921161999     1.0148590160987216
Fe     1    6520.16663637006      1.0070603462858114
Fe     1    6548.046527753324     1.0164569745840397
Ni     1    6588.128999672801     1.0197170467604888
Fe     1    6594.73337474588      1.0147995921623192
Fe     1    6595.690732061377     1.0193763825845703
Fe     1    6599.381424044337     1.0207050952169678
Sc     2    6606.425117291336     1.0202202551505766
Fe     1    6610.935029524423     1.0116758411597284
Fe     1    6629.374086067407     1.02120298652567
Ni     1    6645.484617017192     1.0181031526415112
Fe     1    6679.82895072668      1.0181803376547844
Al     1    6697.87170219246      1.016455112352382
Al     1    6700.522414966865     1.0019737284831436
Fe     1    6705.416731065437     1.0166058959183526
Cr     1    6723.703748749681     1.0165526837645422
Fe     1    6727.2123923259205    1.0
Fe     1    6735.0089891072275    1.0
Si     1    7682.383915272238     1.0024482479598955
Mg     1    7693.666959557328     1.0032025551419965
K      1    7701.083260605108     1.003643307101098
Fe     1    7712.487037622347     1.0043428200771074
Fe     2    7713.842803447365     1.0045577288798249
Ni     1    7717.714448136995     1.0049444743732652
Fe     1    7750.401268486927     0.9965064390321895
Ni     1    7751.022436112898     0.9936317345797335
Fe     1    7753.243035357763     1.007698170029674
O      1    7774.082659254023     1.0092778938589935
O      1    7776.305259075406     1.010050564132513
O      1    7777.52758895167      1.0097357087723668
Ni     1    7791.07324465637      1.009412791403675
Ni     1    7799.72557981853      1.0086710455819716
Rb     1    7802.205249061444     1.0104063190411983
Al     1    7837.464765789455     1.007867448736532
Al     1    7838.289988531767     1.009207999421471
Si     1    7852.143727973151     1.0129022036454343
UL     3    4723.47               1.022418058911975
UL     3    4745.74               1.019298181307599
UL     3    4749.47               1.023295643028608
UL     3    4765.26               1.0077057991563436
UL     3    4774.16               1.0143042467480485
UL     3    4791.0                0.9906258412514236
UL     3    4808.33               1.0225944458716414
UL     3    4814.84               0.9953530292448655
UL     3    4819.16               1.0142083545627163
UL     3    4825.5                1.0115857973883677
UL     3    4830.74               0.9851620396618169
UL     3    4834.09               1.0123647548782657
UL     3    4840.91               1.0104870371604802
UL     3    4849.61               1.0190629413559142
UL     3    4852.85               1.0245021932199436
UL     3    5655.46               1.0
UL     3    5677.0                1.0121058648331105
UL     3    5693.09               1.0144922489664066
UL     3    5695.25               1.01333985723189
UL     3    5707.59               1.0122532771861275
UL     3    5708.68               1.0120375808467172
UL     3    5716.69               1.0137186141238177
UL     3    5719.45               1.0135759461091556
UL     3    5753.66               1.0187950080268264
UL     3    5792.62               1.0206180975944565
UL     3    6501.47               1.009586541012842
UL     3    6571.05               1.0125337011661013
UL     3    6576.88               1.0220322870283722
UL     3    6706.96               1.014889789689581
UL     3    6728.57               1.0
UL     3    7716.42               1.0048418479222792
UL     3    7725.34               1.0022626221656739
UL     3    7729.78               1.0054455494395032
UL     3    7744.87               1.0076073590961467
UL     3    7782.75               1.0101096782525423
UL     3    7810.04               1.0100161223862218
UL     3    7834.36               1.0109480486318991
