#elem  ion  wave                  correction(aperture/stacked)
La     2    4717.759567724955     1.0
Mg     1    4731.351766619823     1.0006733375284516
Fe     1    4734.916110486742     1.0142018917561646
Mn     1    4740.415566878147     1.0206159663981884
Fe     1    4742.8552129917925    1.0165971172133645
Fe     1    4747.1273444713015    1.0197493110809173
Ti     1    4759.448408090701     1.0463577770358006
Ti     1    4760.600613316287     1.0427285566349962
Mn     1    4762.837505895204     1.02690729781615
Ti     2    4765.857005824366     1.01528985854596
Fe     1    4780.775258460967     1.0192897803444108
V      1    4785.804091043368     1.0
Fe     1    4789.165481822721     1.0329333269767293
Fe     1    4790.095328242028     1.0182421022581412
Cr     1    4790.673881566418     0.9736799642646214
Ti     2    4799.872619512944     1.0085779111681017
Cr     1    4802.366680566258     0.9747919188205711
Fe     1    4804.222172380227     1.01079080308433
Fe     1    4809.491669170637     0.9843104413582372
Zn     1    4811.881502677758     1.0261300470160517
Ti     1    4821.756520598129     1.0195677162939518
Ni     1    4832.529977081299     1.020368788165303
Sm     2    4838.011430590429     1.0
Ti     1    4842.232549968105     1.017097675114578
Fe     1    4845.367381317484     1.0099235347446478
Cr     2    4849.590501330725     1.0195256005024
Ti     2    4850.522548526964     0.995968234548536
Y      2    4856.217358959939     1.0066350359331024
Ti     2    4866.969511046126     1.0284487583388873
Ni     1    4867.629286068777     1.023781238528398
Ti     2    4875.370739800553     0.9970842436382528
Fe     1    4877.238835417714     0.9972367856854998
Fe     1    4883.50749861639      1.0042685388237258
Y      2    4885.046006832402     1.0156993939199985
Cr     2    4885.974153103399     1.0017238573936118
Fe     1    4892.120884126167     1.013964011325118
Fe     1    4892.858079747847     1.0166664215775567
Fe     1    5653.03740205537      1.0
Fe     1    5653.886328981642     1.0
Sc     2    5659.466220575779     1.0015366899924485
Fe     1    5664.0875559795395    0.9941960023625791
Si     1    5667.126768463639     1.0173296015948259
Sc     2    5668.721694848641     0.973006623137872
Fe     1    5669.090793523595     0.9989962103749813
Sc     2    5670.628204538431     1.0153453560342018
Fe     1    5680.598770204794     1.012672918890261
Na     1    5684.210135764635     1.0030706425869271
Na     1    5689.783325901822     1.0139500101077248
Si     1    5692.003919652215     1.0149258518317903
Fe     1    5703.126093684245     1.002665698410339
Mg     1    5712.67244653875      1.0177462972790963
Fe     1    5733.351777140469     1.0098224910364966
Mo     1    5753.003233598317     1.0
Fe     1    5754.725694364557     1.0071110684751758
Ni     1    5756.266106436666     1.0152565375231415
Si     1    5773.7487834999965    1.0208769774995627
Fe     1    5776.682068284723     1.0195922616238682
Cr     1    5785.46991952334      1.0217567950706656
Cr     1    5789.524004264603     1.0158435732231277
Si     1    5794.678983613339     1.0235534335063277
Fe     1    5808.334937855258     1.0191307173423911
Fe     1    5810.828105047002     1.0199083754542333
Fe     1    5853.842217745841     1.026631679507521
Ca     1    5859.074618420989     1.0170626732869537
Fe     1    5861.214191182892     1.0165487375885565
Fe     1    5863.984932920292     1.018960455348195
Ti     1    5868.077328493994     1.0
Ca     1    5869.1883259238175    1.0
Ca     1    5869.196328066112     1.0
Fe     1    6483.660928685685     1.0
Ca     1    6495.575329443239     1.0118332554901994
Fe     1    6496.775051753972     1.0091592758889543
Fe     1    6500.734015360068     1.007188479724881
Fe     2    6517.876921161999     1.0169262696359833
Fe     1    6520.16663637006      1.0078354293511784
Fe     1    6548.046527753324     1.0182549851015823
Ni     1    6588.128999672801     1.0211197892728372
Fe     1    6594.73337474588      1.0155517118793314
Fe     1    6595.690732061377     1.020533103770904
Fe     1    6599.381424044337     1.0218092190738648
Sc     2    6606.425117291336     1.0211029781312186
Fe     1    6610.935029524423     1.0120232690518298
Fe     1    6629.374086067407     1.0218444417718828
Ni     1    6645.484617017192     1.0185952008930872
Fe     1    6679.82895072668      1.0191597281703266
Al     1    6697.87170219246      1.0179777188265406
Al     1    6700.522414966865     1.0017040194293374
Fe     1    6705.416731065437     1.0180542555451315
Cr     1    6723.703748749681     1.0187014581145426
Fe     1    6727.2123923259205    1.0
Fe     1    6735.0089891072275    1.0
Si     1    7682.383915272238     1.0025623279734117
Mg     1    7693.666959557328     1.0034015865561892
K      1    7701.083260605108     1.003892713526617
Fe     1    7712.487037622347     1.0047314620826644
Fe     2    7713.842803447365     1.0049591401001918
Ni     1    7717.714448136995     1.0054120493539516
Fe     1    7750.401268486927     0.9958746455900698
Ni     1    7751.022436112898     0.9925686700219679
Fe     1    7753.243035357763     1.0087058312264214
O      1    7774.082659254023     1.0108176141103449
O      1    7776.305259075406     1.0117760974101
O      1    7777.52758895167      1.0114624903238076
Ni     1    7791.07324465637      1.0107798147604898
Ni     1    7799.72557981853      1.009937412716849
Rb     1    7802.205249061444     1.012126031494458
Al     1    7837.464765789455     1.0096592656585237
Al     1    7838.289988531767     1.01085286121044
Si     1    7852.143727973151     1.0148581160229844
UL     3    4723.47               1.020943934980419
UL     3    4745.74               1.0189726193172601
UL     3    4749.47               1.0230288228797768
UL     3    4765.26               1.0077537657980917
UL     3    4774.16               1.014446058679454
UL     3    4791.0                0.9901175251588985
UL     3    4808.33               1.0232297291654622
UL     3    4814.84               0.9949758191504898
UL     3    4819.16               1.0146657517525475
UL     3    4825.5                1.0119147916385705
UL     3    4830.74               0.9843658455767678
UL     3    4834.09               1.0127040969598033
UL     3    4840.91               1.0106851541222663
UL     3    4849.61               1.0195254918239287
UL     3    4852.85               1.025181995249322
UL     3    5655.46               1.0
UL     3    5677.0                1.0133174551908424
UL     3    5693.09               1.0161499483907668
UL     3    5695.25               1.0147218668398224
UL     3    5707.59               1.0137660763440677
UL     3    5708.68               1.0133460624357014
UL     3    5716.69               1.0151262017086362
UL     3    5719.45               1.0149472531966397
UL     3    5753.66               1.019942021001584
UL     3    5792.62               1.0213559459744435
UL     3    6501.47               1.010770603843587
UL     3    6571.05               1.0134893081788274
UL     3    6576.88               1.0238268030935123
UL     3    6706.96               1.0162533123808373
UL     3    6728.57               1.0
UL     3    7716.42               1.0053047166349693
UL     3    7725.34               1.00248306995181
UL     3    7729.78               1.0060530911915457
UL     3    7744.87               1.0086093068794775
UL     3    7782.75               1.0116460858144227
UL     3    7810.04               1.011485784187282
UL     3    7834.36               1.0126501913698354
