#elem  ion  wave                  correction(aperture/stacked)
La     2    4717.759567724955     1.0
Mg     1    4731.351766619823     1.000527223215914
Fe     1    4734.916110486742     1.0148268136330243
Mn     1    4740.415566878147     1.0213074525556478
Fe     1    4742.8552129917925    1.0170808516648908
Fe     1    4747.1273444713015    1.020176414187666
Ti     1    4759.448408090701     1.0466735161317955
Ti     1    4760.600613316287     1.0429659249733882
Mn     1    4762.837505895204     1.0270135952879895
Ti     2    4765.857005824366     1.01533698604182
Fe     1    4780.775258460967     1.0191878229008158
V      1    4785.804091043368     1.0
Fe     1    4789.165481822721     1.0326173679018198
Fe     1    4790.095328242028     1.0180540001054144
Cr     1    4790.673881566418     0.9741050075577851
Ti     2    4799.872619512944     1.0084887824822466
Cr     1    4802.366680566258     0.9752507151017833
Fe     1    4804.222172380227     1.0105161563444638
Fe     1    4809.491669170637     0.9845959841913039
Zn     1    4811.881502677758     1.025768913409686
Ti     1    4821.756520598129     1.0192507045540629
Ni     1    4832.529977081299     1.0199766913102968
Sm     2    4838.011430590429     1.0
Ti     1    4842.232549968105     1.0168226648125225
Fe     1    4845.367381317484     1.0098186111294556
Cr     2    4849.590501330725     1.0191533135155908
Ti     2    4850.522548526964     0.9962061587100761
Y      2    4856.217358959939     1.0065183719244768
Ti     2    4866.969511046126     1.0278668480533526
Ni     1    4867.629286068777     1.0232986892609623
Ti     2    4875.370739800553     0.9973006491192244
Fe     1    4877.238835417714     0.9973709685017947
Fe     1    4883.50749861639      1.0041513350318871
Y      2    4885.046006832402     1.0151045515879853
Cr     2    4885.974153103399     1.0013016195030102
Fe     1    4892.120884126167     1.013576523245164
Fe     1    4892.858079747847     1.0161697209522857
Fe     1    5653.03740205537      1.0
Fe     1    5653.886328981642     1.0
Sc     2    5659.466220575779     1.001513698607224
Fe     1    5664.0875559795395    0.9935643234964634
Si     1    5667.126768463639     1.0183522483631346
Sc     2    5668.721694848641     0.9708507127805251
Fe     1    5669.090793523595     0.998695271988393
Sc     2    5670.628204538431     1.0163002932489669
Fe     1    5680.598770204794     1.0135347194410287
Na     1    5684.210135764635     1.0031370160559265
Na     1    5689.783325901822     1.0147789769309858
Si     1    5692.003919652215     1.0157670655276827
Fe     1    5703.126093684245     1.0026225013812582
Mg     1    5712.67244653875      1.0185338654317975
Fe     1    5733.351777140469     1.0100307169826979
Mo     1    5753.003233598317     1.0
Fe     1    5754.725694364557     1.0071706561804972
Ni     1    5756.266106436666     1.0154390859555378
Si     1    5773.7487834999965    1.0210174054019723
Fe     1    5776.682068284723     1.0196907875927892
Cr     1    5785.46991952334      1.0218346995953558
Cr     1    5789.524004264603     1.0158974921380166
Si     1    5794.678983613339     1.0236055416288785
Fe     1    5808.334937855258     1.0191333617884901
Fe     1    5810.828105047002     1.019906038522227
Fe     1    5853.842217745841     1.0265353600335203
Ca     1    5859.074618420989     1.0169843058862582
Fe     1    5861.214191182892     1.0164847294571018
Fe     1    5863.984932920292     1.0188577323492904
Ti     1    5868.077328493994     1.0
Ca     1    5869.1883259238175    1.0
Ca     1    5869.196328066112     1.0
Fe     1    6483.660928685685     1.0
Ca     1    6495.575329443239     1.0146773845118038
Fe     1    6496.775051753972     1.0112902482366402
Fe     1    6500.734015360068     1.009030910537171
Fe     2    6517.876921161999     1.020003695827264
Fe     1    6520.16663637006      1.0088214633815138
Fe     1    6548.046527753324     1.0201063518621762
Ni     1    6588.128999672801     1.02230274369104
Fe     1    6594.73337474588      1.016175604999294
Fe     1    6595.690732061377     1.0214959077135355
Fe     1    6599.381424044337     1.0227050896620795
Sc     2    6606.425117291336     1.0217963914505845
Fe     1    6610.935029524423     1.0122818426293114
Fe     1    6629.374086067407     1.022280196586262
Ni     1    6645.484617017192     1.0188809548116533
Fe     1    6679.82895072668      1.019405389629098
Al     1    6697.87170219246      1.0182581664093449
Al     1    6700.522414966865     1.0016417136946387
Fe     1    6705.416731065437     1.0182978801292968
Cr     1    6723.703748749681     1.0190611572194104
Fe     1    6727.2123923259205    1.0
Fe     1    6735.0089891072275    1.0
Si     1    7682.383915272238     1.004771300390024
Mg     1    7693.666959557328     1.0055900668989177
K      1    7701.083260605108     1.0058834535177201
Fe     1    7712.487037622347     1.0064450435411068
Fe     2    7713.842803447365     1.0066832587867767
Ni     1    7717.714448136995     1.0071067159248435
Fe     1    7750.401268486927     0.9952453556286264
Ni     1    7751.022436112898     0.9915663457043916
Fe     1    7753.243035357763     1.009526885521003
O      1    7774.082659254023     1.0113627849233016
O      1    7776.305259075406     1.0123114362477437
O      1    7777.52758895167      1.011970136961414
Ni     1    7791.07324465637      1.010987884909771
Ni     1    7799.72557981853      1.0100637569813509
Rb     1    7802.205249061444     1.012280996628949
Al     1    7837.464765789455     1.00972276011402
Al     1    7838.289988531767     1.0109116082722913
Si     1    7852.143727973151     1.014973559200231
UL     3    4723.47               1.0224818015722104
UL     3    4745.74               1.0194344950676013
UL     3    4749.47               1.0234825450920393
UL     3    4765.26               1.0077715062234214
UL     3    4774.16               1.0144164144075878
UL     3    4791.0                0.9903345140187171
UL     3    4808.33               1.0229049734714808
UL     3    4814.84               0.9951650859352111
UL     3    4819.16               1.0144337747562673
UL     3    4825.5                1.011739834486366
UL     3    4830.74               0.9848196465349112
UL     3    4834.09               1.0125036666787492
UL     3    4840.91               1.0105546437633544
UL     3    4849.61               1.0191532063984694
UL     3    4852.85               1.0245861714432698
UL     3    5655.46               1.0
UL     3    5677.0                1.0142465119560966
UL     3    5693.09               1.0170908174797746
UL     3    5695.25               1.0154609341212388
UL     3    5707.59               1.0144589074527373
UL     3    5708.68               1.0139169369305008
UL     3    5716.69               1.0156924385662949
UL     3    5719.45               1.0154653800090938
UL     3    5753.66               1.0202027066787154
UL     3    5792.62               1.0214082664661412
UL     3    6501.47               1.013243657317838
UL     3    6571.05               1.014326753344514
UL     3    6576.88               1.025364614530211
UL     3    6706.96               1.0164814168763556
UL     3    6728.57               1.0
UL     3    7716.42               1.0070752820730795
UL     3    7725.34               1.0030034329138833
UL     3    7729.78               1.0073158458688207
UL     3    7744.87               1.009759430442302
UL     3    7782.75               1.0120035382497319
UL     3    7810.04               1.011570696984898
UL     3    7834.36               1.0127057584235788
